0.18	1.01	-10.47	0.50	1.50	1.50	110.01
0.52	0.02	-9.23	-0.69	0.50	-0.50	110.04
-0.53	-0.42	-8.90	0.12	0.25	1.00	110.06
-0.30	0.03	-10.73	1.25	0.81	1.50	110.09
-0.01	-0.08	-9.52	0.50	0.31	0.56	110.11
0.08	0.27	-9.98	-0.69	0.00	-1.12	110.14
-0.13	0.28	-9.39	-1.88	-1.25	-1.00	110.17
0.54	0.53	-10.15	-0.69	-2.25	-1.00	110.19
-0.44	0.33	-9.77	-1.31	-2.25	-2.38	110.22
-1.08	-0.95	-9.58	-1.06	-1.63	-2.56	110.25
-0.93	-1.00	-9.74	0.69	0.63	0.25	110.27
-0.35	-0.20	-9.56	1.06	0.81	0.94	110.30
0.26	0.51	-9.77	-0.19	-0.25	-0.50	110.32
0.43	0.51	-9.88	-0.94	-0.69	-1.19	110.35
-0.81	-0.62	-9.34	0.44	0.63	0.63	110.37
-0.23	-0.01	-10.60	1.88	0.44	1.50	110.40
0.22	0.76	-9.73	-0.44	-0.63	-0.50	110.42
0.41	0.39	-9.09	-1.88	-1.37	-2.44	110.45
-0.38	-0.62	-9.60	-1.00	-1.19	-1.63	110.47
-0.85	-0.66	-9.50	1.00	-0.19	0.44	110.50
-0.23	0.43	-10.63	0.88	0.63	1.75	110.52
-0.11	0.80	-10.13	-0.81	-0.75	-0.25	110.55
-0.12	-0.21	-9.64	-1.31	-0.94	-2.56	110.57
-0.49	-0.33	-9.81	-0.06	-0.12	-0.56	110.60
-0.03	-0.01	-9.86	1.25	0.12	1.50	110.62
-0.04	0.10	-9.70	-0.06	-0.31	0.00	110.65
-0.14	0.25	-10.23	-0.75	-0.81	-1.37	110.68
-0.32	-0.12	-9.16	-0.88	-1.00	-0.88	110.70
-0.29	-0.45	-9.86	0.37	-0.31	-0.19	110.73
-0.67	-0.32	-9.94	1.25	0.88	0.88	110.76
-0.32	0.16	-9.93	0.63	1.12	0.81	110.78
0.02	0.00	-9.80	-0.56	0.06	-0.19	110.81
-0.18	0.05	-9.82	0.06	0.31	0.19	110.84
-0.23	0.32	-9.98	0.69	0.25	0.25	110.86
0.05	0.14	-9.47	-0.06	-0.75	-0.63	110.89
-0.35	-0.28	-9.76	-0.63	-0.75	-1.00	110.91
-0.29	0.01	-10.37	0.00	0.25	-0.44	110.94
-0.08	0.39	-9.26	-0.37	-1.06	-0.12	110.97
0.24	-0.19	-9.52	-0.50	-1.06	-1.37	110.99
-1.01	-0.36	-9.84	-0.06	0.50	-0.44	111.02
-0.34	-0.20	-9.85	0.63	-0.19	0.63	111.05
0.17	0.16	-9.62	0.19	0.00	0.00	111.07
-0.17	0.12	-9.67	-0.63	0.37	-0.37	111.10
-0.54	0.05	-9.79	0.06	-0.19	0.25	111.12
-0.03	-0.03	-9.68	0.37	-0.25	0.25	111.15
-0.25	-0.04	-9.59	-0.12	0.25	-0.25	111.18
-0.47	0.07	-9.85	-0.37	0.19	-0.25	111.20
-0.10	-0.20	-9.64	0.06	-0.12	0.00	111.23
0.01	-0.01	-9.72	0.50	0.00	0.31	111.25
-0.52	0.09	-9.94	-0.19	-0.06	-0.19	111.28
-0.44	-0.06	-9.78	-0.31	-0.44	-0.31	111.30
-0.11	-0.16	-9.68	0.00	0.31	0.12	111.33
-0.25	0.20	-9.74	0.37	0.31	0.25	111.35
-0.11	0.02	-9.75	0.06	-0.25	-0.12	111.38
-0.20	-0.18	-9.66	-0.06	0.00	-0.12	111.41
-0.41	-0.03	-9.85	-0.06	0.06	0.25	111.43
-0.14	0.13	-9.73	-0.06	0.00	0.12	111.46
-0.05	0.00	-9.67	-0.12	-0.12	-0.19	111.48
-0.29	-0.02	-9.71	0.31	0.12	-0.31	111.51
-0.35	-0.04	-9.83	0.25	-0.06	0.19	111.54
-0.13	-0.05	-9.72	0.00	0.06	0.00	111.56
-0.31	0.03	-9.69	-0.06	0.00	-0.06	111.59
-0.31	0.03	-9.70	-0.06	-0.19	-0.06	111.62
-0.20	0.00	-9.75	0.31	-0.12	0.12	111.64
-0.24	0.01	-9.74	0.06	0.19	-0.12	111.67
-0.27	0.00	-9.77	-0.06	0.00	-0.25	111.69
-0.15	-0.01	-9.70	0.12	0.00	-0.06	111.72
-0.19	0.07	-9.77	0.12	0.06	0.12	111.75
-0.34	0.00	-9.74	0.06	-0.12	0.00	111.77
-0.23	-0.08	-9.74	0.00	-0.06	-0.12	111.80
-0.22	0.02	-9.73	0.00	0.31	0.12	111.82
-0.21	0.07	-9.76	0.06	0.00	0.12	111.85
-0.19	-0.12	-9.66	0.06	-0.06	-0.06	111.88
-0.27	-0.05	-9.67	0.00	0.06	0.12	111.90
-0.33	0.03	-9.76	0.06	0.00	0.06	111.93
-0.17	0.00	-9.74	0.00	-0.12	0.00	111.95
-0.15	0.00	-9.64	0.12	0.06	-0.12	111.98
-0.31	-0.02	-9.71	0.12	0.12	-0.06	112.00
-0.20	-0.06	-9.73	-0.12	-0.06	0.12	112.03
-0.22	0.05	-9.74	0.00	-0.12	0.12	112.05
-0.26	0.04	-9.85	0.06	0.19	-0.12	112.08
-0.22	0.06	-9.71	0.12	-0.06	0.06	112.11
-0.23	0.04	-9.86	0.12	0.06	0.06	112.13
-0.29	0.01	-9.79	0.06	0.00	0.06	112.15
-0.22	-0.03	-9.77	-0.12	-0.06	0.00	112.18
-0.19	-0.01	-9.66	-0.06	-0.19	0.12	112.20
-0.25	0.03	-9.80	0.12	-0.06	0.06	112.23
-0.25	0.03	-9.77	0.06	-0.19	0.00	112.26
-0.13	-0.01	-9.79	0.06	0.06	0.12	112.28
-0.20	0.02	-9.71	0.06	-0.12	0.12	112.31
-0.25	0.01	-9.86	-0.06	0.06	-0.06	112.33
-0.19	0.00	-9.65	-0.06	0.00	-0.06	112.36
-0.29	-0.02	-9.81	0.12	-0.06	0.00	112.38
-0.23	0.00	-9.74	-0.06	0.25	0.12	112.41
-0.22	0.01	-9.84	-0.06	0.12	0.00	112.43
-0.26	-0.01	-9.74	0.12	0.06	-0.12	112.46
-0.28	0.02	-9.85	0.00	0.06	0.06	112.48
-0.28	0.06	-9.77	-0.06	0.00	0.00	112.51
-0.20	0.00	-9.78	-0.06	0.19	-0.06	112.53
-0.24	0.00	-9.72	0.06	0.25	-0.06	112.56
-0.22	-0.01	-9.80	0.00	0.06	0.00	112.58
-0.22	0.00	-9.78	0.00	0.12	0.00	112.61
-0.29	0.00	-9.81	0.00	0.00	-0.12	112.63
-0.21	0.03	-9.72	-0.12	0.06	-0.06	112.66
-0.21	0.00	-9.79	-0.06	0.12	0.06	112.68
-0.26	0.00	-9.74	-0.12	0.06	-0.06	112.71
-0.27	-0.05	-9.81	0.00	0.19	-0.06	112.73
-0.21	0.00	-9.72	0.12	0.06	0.00	112.76
-0.24	0.03	-9.78	-0.06	0.00	0.00	112.78
-0.23	-0.02	-9.70	0.12	0.06	-0.12	112.81
-0.26	0.00	-9.79	0.06	-0.06	0.06	112.83
-0.25	0.01	-9.76	0.06	0.00	0.06	112.86
-0.21	0.01	-9.78	-0.06	0.19	-0.06	112.88
-0.19	0.01	-9.75	0.00	-0.06	0.00	112.91
-0.25	-0.02	-9.84	0.12	-0.06	0.00	112.93
-0.26	0.00	-9.72	0.19	0.06	0.06	112.96
-0.24	0.00	-9.80	-0.19	-0.12	0.06	112.98
-0.25	0.02	-9.75	0.06	0.06	-0.06	113.01
-0.21	-0.01	-9.82	0.06	-0.19	-0.06	113.03
-0.21	0.01	-9.73	0.00	0.06	0.00	113.06
-0.24	0.01	-9.80	-0.06	0.12	0.12	113.08
-0.25	0.00	-9.72	0.00	0.00	-0.12	113.11
-0.21	0.00	-9.83	-0.12	0.00	0.00	113.13
-0.22	0.00	-9.72	0.06	-0.06	0.12	113.16
-0.25	-0.02	-9.80	0.00	0.06	-0.06	113.18
-0.22	0.02	-9.73	0.00	0.00	0.06	113.21
-0.26	0.02	-9.82	0.00	0.00	0.06	113.23
-0.24	0.04	-9.73	0.00	0.12	0.06	113.26
-0.23	0.00	-9.79	0.12	-0.19	-0.06	113.29
-0.24	-0.01	-9.71	-0.06	-0.06	-0.12	113.31
-0.22	0.00	-9.77	-0.12	0.00	0.06	113.33
-0.22	0.03	-9.73	-0.12	0.06	0.00	113.36
-0.24	-0.01	-9.81	0.06	-0.06	-0.06	113.38
-0.26	0.00	-9.71	0.06	0.06	-0.06	113.41
-0.21	0.00	-9.80	-0.12	0.00	0.00	113.43
-0.22	0.02	-9.72	-0.06	0.06	-0.19	113.46
-0.24	0.00	-9.80	0.00	-0.12	0.06	113.48
-0.24	0.00	-9.72	0.00	0.06	0.06	113.51
-0.23	0.01	-9.80	-0.06	-0.12	0.00	113.54
-0.26	0.00	-9.73	0.00	-0.19	0.00	113.56
-0.23	-0.07	-9.69	0.12	-0.06	0.12	113.59
-0.29	0.07	-9.94	0.19	0.12	0.25	113.61
-0.28	-0.02	-9.73	-0.19	-0.06	-0.19	113.64
-0.11	0.03	-9.74	-0.12	-0.19	-0.12	113.66
-0.30	0.00	-9.81	0.12	-0.12	0.06	113.69
-0.31	0.06	-9.81	0.06	0.19	-0.06	113.71
-0.13	-0.03	-9.79	-0.12	-0.06	-0.19	113.74
-0.22	-0.03	-9.61	-0.19	-0.12	-0.12	113.76
-0.27	0.03	-9.84	0.19	0.00	0.06	113.79
-0.23	0.02	-9.73	0.19	-0.19	0.00	113.81
-0.28	-0.11	-9.77	-0.19	-0.06	-0.19	113.84
-0.31	0.00	-9.83	-0.12	-0.06	-0.12	113.86
-0.24	0.02	-9.82	0.06	0.06	0.00	113.89
-0.13	0.07	-9.70	-0.06	-0.19	0.06	113.91
-0.28	0.03	-9.88	-0.12	0.12	-0.06	113.94
-0.23	0.00	-9.75	0.06	0.00	-0.19	113.96
-0.22	0.01	-9.86	-0.12	0.06	0.00	113.99
-0.24	0.02	-9.69	0.06	0.00	-0.12	114.01
-0.25	0.00	-9.83	0.00	-0.12	-0.19	114.04
-0.27	-0.04	-9.71	-0.06	-0.12	-0.06	114.06
-0.24	0.01	-9.83	-0.12	0.19	-0.06	114.09
-0.25	0.04	-9.73	-0.12	0.00	0.00	114.11
-0.19	0.00	-9.81	0.19	-0.19	0.00	114.14
-0.26	0.00	-9.73	-0.19	0.19	0.12	114.16
-0.25	0.03	-9.83	0.00	0.06	-0.06	114.19
-0.21	0.01	-9.74	-0.12	0.00	0.00	114.21
-0.25	0.00	-9.80	-0.06	0.12	-0.06	114.24
-0.24	-0.03	-9.75	-0.06	0.12	0.06	114.26
-0.22	0.02	-9.79	0.06	-0.06	-0.12	114.29
-0.23	0.00	-9.72	-0.06	0.00	-0.06	114.31
-0.26	0.00	-9.81	0.12	0.00	-0.06	114.34
-0.20	0.00	-9.70	0.12	0.06	0.06	114.36
-0.24	0.00	-9.82	0.00	0.00	-0.06	114.39
-0.26	-0.01	-9.69	0.00	0.31	0.00	114.41
-0.20	-0.02	-9.82	0.00	-0.12	0.06	114.44
-0.20	0.02	-9.72	0.25	0.06	-0.06	114.46
-0.28	0.01	-9.82	0.06	-0.19	-0.06	114.49
-0.23	0.00	-9.72	0.06	-0.19	-0.12	114.51
-0.40	-0.26	-9.48	0.06	0.31	0.31	114.54
-0.15	-0.15	-9.80	0.69	0.69	0.56	114.56
-0.31	0.11	-9.86	0.06	0.25	0.25	114.59
0.09	0.11	-9.66	-0.12	-0.06	0.00	114.62
-0.17	0.01	-9.70	0.00	-0.06	-0.12	114.64
-0.42	-0.06	-9.66	0.12	-0.06	-0.06	114.67
-0.25	-0.10	-9.85	-0.06	-0.12	0.06	114.69
-0.22	0.00	-9.65	0.00	0.06	-0.06	114.72
-0.30	0.03	-9.92	0.06	0.12	-0.12	114.75
-0.21	-0.04	-9.66	0.19	-0.19	-0.06	114.77
-0.13	-0.12	-9.71	0.19	-0.19	0.06	114.80
-0.32	-0.02	-9.80	-0.12	0.06	-0.06	114.82
-0.24	0.00	-9.73	-0.12	-0.06	-0.12	114.85
-0.12	0.04	-9.61	0.12	0.12	0.06	114.88
-0.24	0.06	-9.77	0.19	0.00	0.19	114.90
-0.30	-0.07	-9.74	-0.12	0.06	-0.12	114.93
-0.24	-0.05	-9.70	-0.06	-0.12	-0.06	114.95
-0.26	0.02	-9.64	0.31	0.00	0.12	114.98
-0.16	0.11	-9.84	0.06	-0.06	0.12	115.01
-0.20	-0.09	-9.60	0.00	-0.19	-0.19	115.03
-0.33	-0.05	-9.78	0.00	0.00	0.06	115.06
-0.24	0.00	-9.71	0.00	-0.06	0.00	115.09
-0.18	0.00	-9.75	0.12	-0.12	-0.06	115.11
-0.22	0.00	-9.75	0.06	0.00	0.00	115.14
-0.27	-0.01	-9.70	0.06	-0.19	-0.12	115.16
-0.18	-0.02	-9.78	0.06	0.00	0.06	115.19
-0.25	-0.01	-9.69	0.00	0.19	0.00	115.22
-0.25	0.04	-9.68	-0.06	0.06	-0.19	115.24
-0.19	-0.02	-9.64	0.00	-0.12	-0.06	115.27
-0.24	-0.02	-9.65	0.25	-0.19	-0.06	115.29
-0.27	0.02	-9.76	0.00	-0.12	-0.06	115.32
-0.20	-0.01	-9.74	-0.06	-0.06	-0.12	115.34
-0.22	0.03	-9.72	0.06	-0.12	0.12	115.37
-0.25	0.00	-9.83	0.12	-0.06	0.00	115.39
-0.20	-0.03	-9.73	0.06	-0.06	0.06	115.42
-0.25	-0.01	-9.79	0.00	-0.12	0.00	115.44
-0.26	0.02	-9.73	0.06	0.19	-0.19	115.47
-0.20	0.01	-9.79	0.12	-0.06	-0.12	115.49
-0.22	-0.01	-9.69	0.00	0.00	0.00	115.52
-0.25	0.01	-9.86	-0.06	0.00	-0.06	115.54
-0.24	0.03	-9.69	-0.12	0.12	0.06	115.57
-0.21	0.01	-9.83	0.06	0.12	0.06	115.59
-0.24	0.02	-9.73	0.06	-0.12	-0.06	115.62
-0.26	0.00	-9.83	-0.12	-0.19	0.00	115.64
-0.24	0.00	-9.70	-0.12	0.12	0.06	115.67
-0.25	0.03	-9.79	0.06	0.12	0.06	115.69
-0.25	0.02	-9.77	-0.06	0.00	-0.06	115.72
-0.21	0.00	-9.76	-0.06	-0.12	0.06	115.74
-0.24	0.02	-9.73	0.06	0.00	0.12	115.77
-0.23	0.00	-9.77	-0.19	0.06	0.12	115.79
-0.18	-0.01	-9.73	-0.06	-0.25	0.06	115.82
-0.26	0.02	-9.81	-0.06	-0.06	0.00	115.84
-0.26	0.04	-9.75	0.06	0.19	0.00	115.87
-0.22	0.02	-9.82	0.00	-0.06	-0.06	115.89
-0.31	-0.08	-9.60	-0.06	0.12	0.06	115.92
-0.27	0.04	-9.99	0.00	0.25	0.19	115.94
-0.23	0.10	-9.75	0.00	0.06	0.00	115.97
-0.15	0.08	-9.87	-0.06	-0.12	-0.06	116.00
-0.24	0.00	-9.70	0.00	0.25	0.00	116.02
-0.25	0.00	-9.82	0.12	0.25	0.00	116.04
-0.17	0.00	-9.75	0.19	-0.06	0.06	116.07
-0.25	0.02	-9.69	0.00	0.00	-0.06	116.10
-0.28	0.00	-9.77	0.00	0.00	0.00	116.12
-0.25	-0.02	-9.78	0.12	0.00	0.06	116.15
-0.23	0.00	-9.72	0.00	0.06	0.06	116.17
-0.23	0.03	-9.84	0.06	0.06	-0.12	116.20
-0.22	-0.02	-9.61	0.00	0.25	0.00	116.22
-0.22	0.01	-9.84	0.12	0.06	0.06	116.25
-0.26	0.00	-9.74	0.06	0.00	0.06	116.27
-0.21	-0.03	-9.82	0.00	-0.19	0.19	116.30
-0.24	-0.02	-9.67	-0.12	0.06	0.00	116.32
-0.23	0.02	-9.81	0.19	0.12	0.00	116.35
-0.20	0.02	-9.74	0.25	-0.12	0.12	116.37
-0.22	0.00	-9.79	0.00	-0.06	0.12	116.40
-0.25	0.01	-9.74	-0.06	0.06	0.12	116.42
-0.23	0.00	-9.80	0.00	-0.06	0.12	116.45
-0.19	0.00	-9.70	0.00	0.06	0.00	116.47
-0.27	0.00	-9.83	0.00	0.00	-0.06	116.50
-0.28	-0.01	-9.70	0.00	0.06	0.00	116.52
-0.19	0.00	-9.79	0.12	0.00	0.06	116.55
-0.23	0.02	-9.70	0.06	0.19	-0.06	116.57
-0.23	-0.02	-9.83	0.00	0.06	-0.06	116.60
-0.23	-0.02	-9.74	-0.06	-0.12	0.00	116.62
-0.23	0.02	-9.77	0.12	0.00	-0.06	116.65
-0.23	-0.03	-9.69	-0.06	0.00	0.00	116.67
-0.21	-0.05	-9.70	0.00	0.00	-0.06	116.70
-0.22	0.00	-9.73	0.12	0.06	0.00	116.72
-0.25	0.00	-9.81	-0.06	-0.06	-0.12	116.75
-0.19	0.00	-9.73	0.00	-0.06	-0.06	116.77
-0.23	0.00	-9.72	0.06	-0.06	-0.06	116.80
-0.25	0.00	-9.68	-0.06	0.06	-0.06	116.82
-0.22	0.01	-9.83	0.06	0.00	0.00	116.85
-0.22	0.00	-9.72	0.06	0.00	0.00	116.87
-0.24	0.02	-9.85	0.06	-0.12	-0.12	116.90
-0.22	0.06	-9.75	0.12	-0.06	0.12	116.92
-0.22	0.00	-9.79	-0.06	0.06	-0.19	116.95
-0.25	-0.02	-9.72	0.06	0.19	0.00	116.97
-0.26	0.00	-9.82	0.00	-0.06	0.06	117.00
-0.22	0.00	-9.74	0.00	0.12	0.00	117.02
-0.24	0.00	-9.84	-0.06	0.12	-0.12	117.05
-0.22	0.00	-9.74	-0.06	0.19	0.19	117.07
-0.22	0.00	-9.79	0.06	0.25	0.00	117.10
-0.22	0.01	-9.73	-0.06	0.12	0.00	117.12
-0.21	0.02	-9.81	-0.06	0.06	0.06	117.15
-0.21	0.00	-9.73	-0.12	0.06	0.06	117.18
-0.25	0.00	-9.84	-0.06	0.06	0.06	117.20
-0.23	0.00	-9.68	0.06	-0.19	0.00	117.22
-0.22	0.00	-9.80	-0.06	0.12	0.06	117.25
-0.24	0.02	-9.74	-0.12	0.00	0.12	117.27
-0.26	0.00	-9.83	-0.06	0.00	0.00	117.30
-0.24	-0.02	-9.69	-0.12	0.06	-0.12	117.32
-0.19	0.02	-9.80	0.00	0.44	-0.06	117.35
-0.25	0.03	-9.76	0.00	-0.06	0.00	117.38
-0.21	-0.02	-9.77	-0.06	0.00	0.25	117.40
-0.21	0.01	-9.74	0.06	-0.06	-0.06	117.43
-0.26	-0.04	-9.78	-0.06	0.00	0.00	117.45
-0.21	-0.04	-9.72	-0.06	-0.06	0.00	117.48
-0.23	0.00	-9.77	0.12	0.00	0.00	117.50
-0.24	0.03	-9.75	0.00	-0.19	0.00	117.53
-0.22	0.00	-9.79	-0.06	-0.06	-0.19	117.55
-0.23	-0.01	-9.68	0.00	0.12	0.06	117.58
-0.25	0.03	-9.80	0.06	0.06	0.00	117.60
-0.24	0.00	-9.72	-0.25	0.19	-0.06	117.63
-0.22	0.00	-9.75	0.00	-0.06	0.00	117.65
-0.22	0.03	-9.68	-0.06	0.00	0.00	117.68
-0.22	0.00	-9.83	0.00	0.00	0.00	117.70
-0.18	-0.05	-9.62	-0.06	0.06	0.00	117.73
-0.22	0.01	-9.76	-0.19	0.19	0.00	117.75
-0.23	0.00	-9.72	-0.06	0.06	-0.06	117.78
-0.23	0.02	-9.81	-0.12	0.12	-0.06	117.80
-0.25	0.00	-9.69	-0.06	0.12	0.00	117.83
-0.26	0.00	-9.82	-0.06	0.00	0.00	117.85
-0.24	-0.02	-9.72	0.00	-0.25	0.00	117.88
-0.24	0.04	-9.84	-0.12	0.06	0.06	117.90
-0.27	0.03	-9.79	-0.25	0.06	0.06	117.93
-0.22	-0.02	-9.80	0.06	0.00	0.00	117.95
-0.26	-0.01	-9.62	-0.06	-0.06	-0.12	117.98
-0.24	0.00	-9.85	0.06	0.25	0.00	118.00
-0.20	0.06	-9.79	-0.12	0.19	0.00	118.03
-0.19	0.02	-9.79	0.12	0.06	0.12	118.05
-0.21	-0.05	-9.74	0.06	0.06	0.06	118.08
-0.24	0.02	-9.82	0.06	-0.06	-0.06	118.10
-0.20	-0.01	-9.73	0.12	-0.06	0.00	118.13
-0.17	-0.02	-9.77	0.12	-0.06	-0.06	118.15
-0.27	-0.11	-9.53	-0.12	-0.12	0.00	118.18
-0.25	-0.06	-9.77	0.12	-0.06	0.00	118.20
-0.22	-0.01	-9.59	-0.19	0.12	-0.06	118.23
-0.21	-0.01	-9.84	0.06	-0.19	0.00	118.25
-0.20	0.01	-9.76	-0.06	0.06	0.00	118.28
-0.25	0.00	-9.79	0.12	0.06	-0.12	118.30
-0.22	-0.01	-9.62	0.06	-0.06	0.00	118.33
-0.20	0.00	-9.84	0.00	0.00	0.12	118.35
-0.23	0.01	-9.72	0.00	-0.06	0.06	118.38
-0.25	0.00	-9.81	-0.06	-0.12	0.00	118.40
-0.21	0.00	-9.71	0.06	0.00	-0.06	118.43
-0.22	0.00	-9.87	0.00	0.06	0.00	118.45
-0.24	-0.04	-9.65	0.00	0.00	-0.06	118.48
-0.23	0.00	-9.81	0.00	-0.06	-0.12	118.50
-0.20	0.01	-9.68	0.00	-0.06	0.06	118.53
-0.21	0.00	-9.79	-0.06	0.00	0.06	118.55
-0.28	0.00	-9.75	-0.06	0.06	-0.06	118.58
-0.22	0.00	-9.78	0.06	0.06	0.00	118.61
-0.18	0.00	-9.70	-0.06	-0.19	0.06	118.63
-0.23	-0.04	-9.77	-0.06	-0.12	-0.06	118.66
-0.22	-0.01	-9.73	-0.19	0.00	0.06	118.68
-0.25	0.00	-9.82	0.06	0.06	0.00	118.71
-0.21	0.01	-9.73	0.00	-0.12	0.00	118.73
-0.23	0.00	-9.80	0.00	0.06	0.06	118.76
-0.26	0.00	-9.72	0.00	-0.06	0.06	118.78
-0.22	0.01	-9.81	-0.12	0.00	0.00	118.81
-0.24	0.00	-9.68	-0.06	0.00	-0.06	118.83
-0.22	-0.02	-9.82	0.06	-0.06	0.06	118.86
-0.24	-0.01	-9.72	-0.06	0.19	0.00	118.88
-0.23	0.01	-9.83	0.00	0.00	0.00	118.91
-0.24	0.00	-9.72	-0.06	0.00	-0.19	118.93
-0.24	-0.03	-9.79	0.12	0.00	-0.12	118.96
-0.20	0.00	-9.75	0.00	-0.12	-0.12	118.98
-0.24	0.02	-9.81	0.00	0.19	0.12	119.01
-0.24	0.00	-9.73	0.00	-0.06	0.00	119.03
-0.22	0.00	-9.80	0.06	0.19	-0.12	119.06
-0.23	0.01	-9.75	0.12	-0.19	0.12	119.08
-0.23	0.00	-9.80	0.00	-0.06	0.00	119.11
-0.22	0.00	-9.70	0.00	-0.19	0.06	119.13
-0.23	0.00	-9.82	0.06	-0.06	0.12	119.16
-0.24	0.00	-9.73	0.00	0.06	0.00	119.18
-0.25	0.02	-9.83	0.06	-0.06	0.00	119.21
-0.27	-0.01	-9.76	0.06	-0.12	0.12	119.23
-0.23	0.02	-9.85	0.12	-0.12	-0.12	119.26
-0.25	0.00	-9.74	0.06	0.06	0.06	119.28
-0.18	0.01	-9.82	-0.06	-0.06	-0.06	119.31
-0.24	0.06	-9.80	0.12	0.00	0.12	119.33
-0.50	-0.34	-9.42	0.12	0.00	-0.12	119.36
-0.37	-0.63	-9.20	0.63	0.69	0.63	119.38
-0.65	-0.45	-9.11	1.81	2.63	2.69	119.41
-0.67	-0.31	-10.13	2.69	4.00	3.94	119.43
-0.14	0.28	-8.31	0.69	3.31	2.94	119.46
0.71	1.56	-11.88	0.31	0.75	0.00	119.48
0.18	0.34	-9.91	-0.50	-1.69	-2.38	119.51
-0.39	0.11	-9.31	0.00	-1.06	-1.06	119.54
-1.06	-0.45	-10.46	1.75	0.31	1.06	119.56
-0.34	-0.26	-9.91	0.56	-0.50	0.69	119.59
0.44	0.51	-9.20	-1.75	-1.81	-2.63	119.61
0.17	0.16	-9.85	-2.69	-1.56	-3.25	119.64
-1.04	-0.13	-9.97	0.12	-0.44	-0.37	119.67
-0.18	-0.33	-9.82	1.37	-0.19	1.44	119.69
-0.34	-0.09	-9.64	0.12	0.19	-0.12	119.72
-0.04	0.18	-10.08	-0.81	-0.63	-1.56	119.74
-0.42	0.42	-9.55	-0.31	-0.88	-0.81	119.77
0.20	-0.30	-9.34	-0.56	-1.12	-0.44	119.80
-0.53	-0.17	-10.07	0.31	-0.06	-0.12	119.82
-1.12	-0.26	-9.68	0.25	0.69	-0.37	119.85
0.08	-0.06	-9.97	0.37	0.12	0.37	119.88
-0.11	0.21	-9.87	-0.19	1.06	0.37	119.90
-0.25	0.12	-9.69	0.00	-0.19	-0.37	119.93
0.13	-0.04	-10.12	0.44	-0.94	-0.37	119.95
-0.71	-0.08	-9.82	-0.12	0.50	0.56	119.98
-0.24	0.05	-10.12	0.12	0.56	0.44	120.01
-0.05	0.03	-9.32	-0.31	0.19	-0.19	120.03
0.11	0.10	-9.47	0.19	0.31	-0.19	120.06
-0.18	0.07	-9.91	0.94	0.50	0.69	120.08
-0.27	0.19	-10.10	-0.69	-1.00	-0.12	120.11
0.06	-0.36	-9.08	-1.31	-1.00	-1.06	120.14
-0.05	-0.14	-9.27	0.31	0.75	-0.06	120.16
-0.73	-0.07	-9.33	0.81	0.75	1.06	120.19
0.20	0.21	-10.40	0.56	0.06	0.56	120.21
0.43	0.57	-9.54	-0.56	-0.44	-0.69	120.24
-0.70	-0.63	-9.10	-1.37	-1.00	-2.00	120.26
-0.52	-0.75	-9.69	0.37	-0.63	-0.25	120.29
-0.49	-0.10	-9.73	1.56	1.25	2.13	120.31
-0.19	0.71	-9.86	0.50	0.69	1.00	120.34
0.40	0.53	-10.22	-1.31	-0.63	-1.50	120.36
0.19	0.31	-10.24	-1.37	-0.81	-1.81	120.39
-0.53	-0.48	-9.99	0.81	-1.37	-0.50	120.42
-0.26	-0.14	-10.27	-0.19	-1.19	-0.06	120.44
-0.20	0.14	-9.67	-1.06	-0.69	-0.94	120.47
-0.30	0.13	-9.33	-1.19	-0.94	-2.06	120.50
-0.29	-0.38	-9.76	-0.63	-0.12	-0.94	120.52
-0.39	-0.18	-9.68	0.88	0.00	0.63	120.55
-0.25	0.07	-9.94	0.12	-0.06	-0.12	120.57
-0.63	0.06	-9.62	-0.31	0.06	-0.50	120.60
-0.08	0.04	-9.97	-0.37	-0.06	0.06	120.63
-0.23	0.02	-9.49	0.12	0.00	0.19	120.65
-0.30	0.11	-9.71	0.44	-0.25	-0.31	120.68
-0.24	-0.42	-9.70	0.00	0.19	-0.19	120.70
-0.30	-0.18	-9.65	-0.25	0.25	0.00	120.73
0.00	0.17	-9.88	0.00	-0.19	0.19	120.76
-0.31	0.21	-9.59	0.12	-0.19	-0.06	120.78
-0.24	-0.05	-9.83	0.06	-0.12	-0.19	120.81
-0.39	-0.04	-9.74	-0.06	0.06	0.06	120.83
-0.17	0.07	-9.82	0.12	-0.19	0.12	120.86
-0.25	0.19	-9.93	-0.12	0.06	-0.12	120.89
-0.23	-0.10	-9.69	-0.19	-0.19	0.00	120.91
-0.13	-0.13	-9.64	0.06	-0.06	0.12	120.94
-0.33	0.02	-9.76	0.06	-0.12	0.00	120.96
-0.20	0.05	-9.73	-0.12	-0.12	-0.19	120.99
