-0.21	0.00	-9.72	0.00	-0.06	0.06	38.01
-0.22	0.00	-9.81	0.00	0.06	0.00	38.04
-0.23	0.00	-9.75	0.06	0.00	0.00	38.06
-0.22	-0.01	-9.81	0.06	-0.06	-0.25	38.09
-0.23	0.00	-9.73	0.00	-0.12	-0.12	38.11
-0.21	0.00	-9.81	-0.06	-0.12	0.00	38.14
-0.21	0.00	-9.70	0.00	0.00	-0.12	38.16
-0.22	0.00	-9.80	0.06	0.06	0.12	38.19
-0.21	0.00	-9.72	-0.12	0.06	-0.06	38.21
-0.21	0.00	-9.81	-0.06	0.12	0.00	38.24
-0.21	-0.01	-9.73	0.00	0.00	-0.12	38.26
-0.22	0.00	-9.81	-0.06	0.00	-0.12	38.29
-0.24	0.00	-9.73	-0.12	-0.06	0.06	38.31
-0.24	0.00	-9.84	0.00	0.06	0.00	38.34
-0.21	0.00	-9.70	-0.06	-0.06	0.06	38.37
-0.22	0.01	-9.77	0.00	0.00	0.00	38.39
-0.21	0.00	-9.72	0.00	0.06	0.00	38.42
-0.23	-0.01	-9.81	0.06	-0.06	0.06	38.44
-0.23	0.00	-9.74	-0.06	0.19	0.12	38.47
-0.23	0.00	-9.77	0.00	0.06	0.12	38.49
-0.23	0.01	-9.73	0.00	-0.12	-0.06	38.52
-0.21	0.00	-9.79	0.00	-0.06	0.00	38.54
-0.23	0.00	-9.74	0.19	-0.06	0.00	38.56
-0.22	-0.02	-9.81	0.06	0.00	-0.12	38.59
-0.22	0.00	-9.72	0.00	0.00	0.06	38.62
-0.22	0.00	-9.81	0.06	0.00	0.06	38.64
-0.22	-0.02	-9.72	0.06	-0.06	0.06	38.67
-0.22	0.00	-9.80	0.00	0.06	0.12	38.69
-0.21	-0.01	-9.73	0.00	-0.06	0.00	38.72
-0.22	-0.02	-9.79	0.06	0.00	0.12	38.74
-0.22	-0.01	-9.73	0.06	0.00	0.06	38.77
-0.22	0.02	-9.81	0.06	0.06	-0.06	38.79
-0.20	0.00	-9.71	0.06	0.12	0.06	38.82
-0.21	-0.03	-9.79	0.00	-0.06	0.00	38.84
-0.22	0.01	-9.74	0.06	0.12	0.00	38.87
-0.22	-0.01	-9.82	-0.06	0.12	0.00	38.89
-0.22	0.00	-9.73	0.06	0.06	0.12	38.92
-0.22	-0.01	-9.80	0.00	0.06	0.06	38.94
-0.21	0.01	-9.74	0.06	-0.19	-0.06	38.97
-0.22	-0.01	-9.80	0.06	0.00	0.06	38.99
-0.24	0.00	-9.73	0.00	0.00	0.00	39.02
-0.23	0.01	-9.77	0.00	0.19	-0.06	39.04
-0.22	-0.01	-9.73	-0.06	0.19	-0.12	39.07
-0.21	-0.01	-9.81	0.06	-0.06	-0.06	39.09
-0.22	0.00	-9.71	-0.06	0.00	0.00	39.12
-0.22	0.00	-9.82	-0.06	0.12	0.00	39.14
-0.23	0.00	-9.73	0.00	-0.06	0.00	39.17
-0.22	0.02	-9.80	0.00	-0.06	-0.06	39.19
-0.22	0.01	-9.73	0.19	0.00	0.19	39.22
-0.21	0.00	-9.81	0.12	0.00	0.00	39.24
-0.23	0.00	-9.74	0.00	0.00	0.00	39.27
-0.21	0.00	-9.81	0.00	-0.06	-0.06	39.29
-0.21	0.00	-9.73	0.06	-0.06	-0.06	39.32
-0.23	0.00	-9.79	-0.06	-0.06	-0.06	39.34
-0.23	0.00	-9.71	0.00	-0.12	-0.06	39.37
-0.23	0.00	-9.78	-0.06	0.12	-0.06	39.39
-0.22	0.00	-9.73	0.19	-0.19	0.00	39.42
-0.20	0.00	-9.82	-0.06	0.00	0.00	39.44
-0.20	0.00	-9.74	-0.12	0.12	0.00	39.47
-0.21	0.01	-9.80	0.06	0.00	-0.19	39.49
-0.22	0.01	-9.73	-0.06	0.19	-0.06	39.52
-0.22	0.00	-9.82	0.00	-0.06	-0.12	39.54
-0.21	-0.01	-9.72	0.00	0.12	-0.12	39.57
-0.22	0.00	-9.79	-0.12	0.06	-0.12	39.60
-0.23	-0.01	-9.72	0.00	-0.06	-0.06	39.62
-0.20	0.00	-9.82	0.06	0.00	0.00	39.65
-0.20	-0.01	-9.72	0.12	-0.12	0.00	39.67
-0.22	0.00	-9.78	0.00	0.00	-0.12	39.70
-0.21	-0.01	-9.71	-0.06	0.00	-0.12	39.72
-0.20	-0.01	-9.82	0.06	-0.06	0.00	39.75
-0.24	0.00	-9.72	-0.06	0.00	0.06	39.77
-0.22	0.00	-9.78	-0.06	0.06	0.00	39.79
-0.21	0.00	-9.73	0.00	0.19	0.12	39.82
-0.21	0.00	-9.81	0.00	-0.19	0.06	39.85
-0.22	0.00	-9.72	-0.06	0.12	0.19	39.87
-0.21	-0.01	-9.79	0.00	0.00	0.00	39.90
-0.23	0.00	-9.72	-0.12	0.12	0.00	39.92
-0.23	-0.02	-9.80	0.06	0.00	0.12	39.95
-0.22	0.00	-9.73	0.06	-0.12	0.19	39.97
-0.23	0.00	-9.80	0.00	0.06	0.00	40.00
-0.22	0.00	-9.71	-0.12	-0.06	0.00	40.02
-0.22	0.00	-9.82	0.12	0.06	0.00	40.05
-0.22	-0.01	-9.71	0.00	0.00	0.19	40.07
-0.23	-0.01	-9.81	0.06	0.00	0.00	40.10
-0.23	0.00	-9.73	-0.12	0.12	0.06	40.12
-0.21	0.01	-9.80	0.12	0.12	-0.12	40.15
-0.23	0.00	-9.75	-0.06	0.00	0.00	40.17
-0.22	0.00	-9.80	0.06	0.00	-0.12	40.20
-0.24	0.00	-9.70	-0.06	0.06	0.06	40.22
-0.22	0.00	-9.80	0.00	-0.06	0.06	40.25
-0.22	0.00	-9.72	0.06	0.00	0.12	40.27
-0.22	-0.01	-9.79	-0.06	0.19	0.12	40.30
-0.22	0.00	-9.69	0.06	-0.19	0.00	40.32
-0.22	0.00	-9.78	0.12	-0.06	-0.06	40.35
-0.22	-0.01	-9.75	0.00	0.00	0.00	40.37
-0.22	-0.01	-9.84	0.06	0.19	0.06	40.40
-0.23	0.00	-9.71	0.00	-0.06	-0.06	40.42
-0.22	0.00	-9.77	0.00	0.06	0.06	40.45
-0.22	0.00	-9.69	-0.06	-0.12	0.06	40.47
-0.23	0.00	-9.81	0.06	0.12	0.00	40.50
-0.23	0.00	-9.74	0.06	0.12	0.06	40.52
-0.22	0.00	-9.79	0.06	0.06	0.12	40.55
-0.22	0.00	-9.73	0.00	-0.12	0.00	40.57
-0.21	0.00	-9.81	0.06	0.06	0.06	40.60
-0.21	-0.01	-9.73	0.00	-0.06	0.06	40.62
-0.22	-0.01	-9.79	0.00	-0.06	0.00	40.65
-0.21	0.00	-9.73	-0.06	0.00	0.06	40.67
-0.21	-0.03	-9.83	0.06	-0.06	0.06	40.70
-0.22	0.00	-9.74	-0.06	0.00	0.12	40.72
-0.21	0.00	-9.80	0.00	-0.06	0.06	40.75
-0.21	0.00	-9.71	0.00	-0.06	0.06	40.77
-0.22	0.00	-9.77	0.00	-0.06	0.06	40.80
-0.22	0.00	-9.73	0.12	0.06	-0.12	40.82
-0.23	0.01	-9.81	-0.06	-0.06	0.06	40.85
-0.22	0.01	-9.72	0.12	-0.06	0.06	40.88
-0.23	-0.02	-9.83	0.00	0.06	-0.06	40.90
-0.22	-0.01	-9.70	0.06	-0.12	0.06	40.93
-0.22	0.00	-9.81	0.12	0.00	0.06	40.95
-0.24	-0.02	-9.71	-0.06	0.00	0.06	40.97
-0.22	0.00	-9.81	0.06	-0.12	-0.06	41.00
-0.22	0.00	-9.73	0.06	0.00	-0.06	41.03
-0.22	0.00	-9.80	0.00	0.06	0.00	41.05
-0.21	-0.02	-9.71	0.06	0.00	0.12	41.08
-0.23	-0.01	-9.79	0.00	0.00	0.00	41.10
-0.24	0.00	-9.70	0.00	0.00	-0.12	41.13
-0.22	-0.01	-9.84	0.06	-0.06	-0.06	41.15
-0.22	0.00	-9.72	0.12	0.00	0.19	41.18
-0.23	0.00	-9.81	0.00	0.06	-0.06	41.20
-0.25	0.00	-9.72	0.00	0.19	0.06	41.23
-0.21	0.00	-9.80	-0.12	0.25	0.06	41.25
-0.23	0.00	-9.73	0.00	0.00	0.00	41.28
-0.22	0.00	-9.82	0.12	0.00	0.00	41.30
-0.22	0.01	-9.74	0.06	-0.25	0.00	41.33
-0.22	-0.01	-9.81	0.00	0.06	0.00	41.35
-0.22	0.00	-9.71	0.12	-0.12	0.06	41.38
-0.22	0.00	-9.80	-0.06	0.12	-0.12	41.40
-0.22	0.00	-9.72	0.00	0.00	0.00	41.43
-0.22	0.00	-9.80	-0.06	0.00	0.06	41.45
-0.22	-0.01	-9.73	0.06	-0.19	0.00	41.48
-0.22	0.00	-9.82	-0.06	-0.12	0.06	41.50
-0.23	0.01	-9.73	0.19	-0.06	-0.06	41.53
-0.23	0.03	-9.80	0.06	-0.12	0.06	41.55
-0.21	0.00	-9.72	0.06	0.06	-0.06	41.58
-0.22	-0.02	-9.80	-0.06	-0.06	0.00	41.60
-0.23	-0.01	-9.69	-0.06	-0.12	0.06	41.63
-0.23	0.00	-9.80	0.00	0.06	0.12	41.65
-0.23	0.01	-9.74	0.19	-0.06	-0.12	41.68
-0.22	0.00	-9.81	0.06	-0.12	-0.06	41.70
-0.22	0.00	-9.72	0.06	-0.12	0.06	41.73
-0.22	0.00	-9.80	0.06	0.00	0.00	41.75
-0.22	0.01	-9.72	0.06	-0.06	-0.19	41.78
-0.23	0.02	-9.83	-0.06	0.12	0.12	41.80
-0.22	0.01	-9.73	0.06	0.00	0.00	41.83
-0.22	0.01	-9.82	0.00	0.19	0.06	41.85
-0.22	0.00	-9.72	0.00	0.00	0.06	41.88
-0.22	0.00	-9.81	-0.06	0.06	0.00	41.90
-0.22	-0.01	-9.73	-0.06	0.00	0.00	41.93
-0.21	0.00	-9.80	-0.06	0.06	0.00	41.95
-0.22	0.00	-9.73	0.00	-0.12	0.12	41.98
-0.22	0.00	-9.80	-0.06	0.25	0.00	42.00
-0.23	-0.01	-9.75	0.06	0.00	-0.06	42.03
-0.21	-0.01	-9.81	-0.25	0.12	-0.06	42.05
-0.23	0.00	-9.72	0.00	0.06	0.00	42.08
-0.22	0.00	-9.80	0.06	0.12	0.12	42.10
-0.22	0.00	-9.72	0.00	-0.12	0.25	42.13
-0.22	0.00	-9.82	-0.06	0.19	0.12	42.15
-0.23	0.00	-9.70	0.00	0.00	0.06	42.18
-0.24	0.00	-9.79	-0.19	0.19	-0.06	42.21
-0.22	0.00	-9.72	-0.12	0.12	0.06	42.23
-0.21	0.00	-9.83	-0.12	0.06	-0.06	42.26
-0.22	0.00	-9.73	-0.06	0.12	0.06	42.28
-0.22	0.00	-9.81	-0.06	-0.06	0.12	42.31
-0.22	0.00	-9.72	0.12	-0.12	0.00	42.33
-0.22	0.00	-9.82	0.00	-0.06	-0.12	42.36
-0.22	0.00	-9.74	0.06	0.00	0.00	42.38
-0.21	0.00	-9.79	0.00	0.06	0.00	42.40
-0.23	0.00	-9.72	0.12	0.00	-0.12	42.43
-0.23	-0.01	-9.81	0.00	-0.06	0.00	42.46
-0.23	0.00	-9.72	-0.06	0.06	0.00	42.48
-0.22	0.00	-9.79	0.06	0.06	-0.06	42.51
-0.22	0.00	-9.74	0.00	0.00	0.06	42.53
-0.20	0.02	-9.80	0.06	0.00	0.00	42.56
-0.22	-0.01	-9.73	-0.06	-0.06	0.00	42.58
-0.22	0.01	-9.81	0.00	0.00	-0.06	42.61
-0.24	0.00	-9.74	0.06	-0.19	0.00	42.63
-0.20	0.00	-9.79	-0.12	-0.12	0.00	42.66
-0.22	0.00	-9.75	0.00	-0.06	0.12	42.68
-0.22	0.00	-9.80	0.00	0.12	0.00	42.71
-0.21	-0.02	-9.71	0.06	-0.06	-0.12	42.73
-0.22	0.00	-9.80	0.12	-0.06	-0.06	42.76
-0.21	0.00	-9.71	-0.06	0.00	0.06	42.78
-0.21	-0.01	-9.79	0.06	-0.06	0.06	42.81
-0.23	-0.02	-9.72	-0.06	0.06	0.12	42.83
-0.22	0.00	-9.81	0.00	0.00	-0.12	42.86
-0.21	0.00	-9.73	0.06	-0.12	-0.06	42.88
-0.24	0.00	-9.82	-0.06	-0.06	-0.06	42.91
-0.23	0.00	-9.72	0.00	-0.06	-0.06	42.93
-0.21	0.00	-9.79	0.00	0.06	0.00	42.96
-0.22	0.00	-9.73	-0.06	0.00	0.06	42.98
-0.22	0.00	-9.81	0.00	0.12	0.06	43.01
-0.22	0.00	-9.71	0.00	0.00	0.00	43.03
-0.20	0.00	-9.77	0.00	-0.06	0.06	43.06
-0.22	0.00	-9.72	0.00	0.00	-0.06	43.08
-0.22	0.00	-9.83	-0.06	0.06	-0.06	43.11
-0.20	0.00	-9.73	0.00	0.06	-0.12	43.13
-0.22	0.00	-9.79	0.12	-0.19	0.00	43.16
-0.22	0.00	-9.74	0.06	-0.06	-0.06	43.18
-0.24	-0.02	-9.82	0.00	-0.06	-0.06	43.21
-0.21	-0.02	-9.74	0.00	-0.19	0.00	43.23
-0.21	0.00	-9.80	0.06	-0.06	-0.06	43.26
-0.22	0.01	-9.73	0.12	0.06	0.00	43.28
-0.20	-0.02	-9.81	-0.06	-0.06	0.00	43.31
-0.22	0.01	-9.73	-0.12	0.19	0.06	43.33
-0.23	-0.02	-9.82	-0.06	0.06	0.06	43.36
-0.23	0.00	-9.73	-0.06	0.06	0.06	43.38
-0.22	-0.01	-9.81	-0.06	-0.06	0.12	43.41
-0.22	0.02	-9.73	-0.06	0.12	0.06	43.44
-0.22	0.00	-9.80	-0.12	0.06	0.06	43.46
-0.23	-0.01	-9.72	0.00	0.12	0.00	43.49
-0.24	0.00	-9.80	0.00	0.00	0.12	43.51
-0.22	0.00	-9.74	-0.06	0.00	-0.06	43.54
-0.22	0.00	-9.79	-0.06	0.00	0.06	43.56
-0.22	0.00	-9.72	0.00	0.06	0.00	43.59
-0.21	0.00	-9.80	0.06	0.12	0.00	43.61
-0.23	0.00	-9.73	-0.06	0.12	0.06	43.63
-0.22	0.00	-9.81	-0.06	0.19	-0.06	43.66
-0.22	-0.02	-9.73	0.06	0.06	0.12	43.69
-0.23	0.01	-9.78	-0.06	0.12	0.00	43.71
-0.22	0.00	-9.72	-0.06	-0.06	0.06	43.74
-0.22	0.00	-9.81	-0.06	0.06	0.00	43.76
-0.20	0.00	-9.74	0.06	-0.06	-0.06	43.79
-0.22	0.01	-9.79	0.12	-0.12	0.00	43.81
-0.22	0.00	-9.74	0.00	-0.06	-0.06	43.84
-0.21	0.00	-9.80	0.00	-0.06	0.06	43.86
-0.22	-0.01	-9.72	0.00	0.12	0.00	43.89
-0.21	0.00	-9.80	-0.06	-0.06	-0.12	43.91
-0.22	0.00	-9.72	0.06	0.00	-0.06	43.94
-0.22	-0.02	-9.81	-0.06	0.00	0.12	43.96
-0.22	0.02	-9.74	-0.06	0.00	0.06	43.99
-0.21	0.00	-9.80	-0.06	-0.19	-0.06	44.01
-0.21	0.00	-9.73	0.06	0.00	-0.12	44.04
-0.21	0.00	-9.82	-0.06	0.06	0.12	44.06
-0.22	0.00	-9.73	0.06	-0.12	0.06	44.09
-0.22	0.00	-9.81	0.00	0.12	-0.06	44.11
-0.22	0.00	-9.72	0.00	0.00	0.00	44.14
-0.21	0.00	-9.80	0.06	0.19	0.00	44.16
-0.22	0.01	-9.75	-0.12	0.00	0.06	44.19
-0.22	0.00	-9.79	0.12	0.00	0.06	44.21
-0.23	0.00	-9.73	-0.06	0.00	0.06	44.24
-0.22	0.00	-9.80	0.06	-0.06	-0.12	44.26
-0.23	0.00	-9.73	0.00	0.00	-0.06	44.29
-0.23	0.00	-9.81	0.00	0.00	0.00	44.31
-0.22	0.00	-9.73	-0.06	-0.06	0.06	44.34
-0.21	-0.01	-9.80	-0.12	0.06	0.12	44.36
-0.21	-0.01	-9.72	0.06	0.06	-0.06	44.39
-0.22	0.00	-9.80	-0.06	0.12	0.06	44.41
-0.22	-0.02	-9.71	-0.06	0.06	0.00	44.44
-0.23	-0.03	-9.78	-0.06	-0.06	0.06	44.46
-0.20	0.00	-9.72	0.00	0.00	0.00	44.49
-0.23	0.01	-9.80	-0.06	0.06	-0.06	44.51
-0.22	-0.02	-9.73	0.06	-0.19	-0.06	44.54
-0.23	0.01	-9.83	0.00	-0.12	-0.06	44.56
-0.21	0.01	-9.73	0.06	0.00	0.00	44.59
-0.24	0.00	-9.81	-0.25	0.00	0.12	44.61
-0.22	-0.01	-9.74	0.00	-0.06	0.00	44.64
-0.23	-0.01	-9.82	0.00	-0.06	-0.06	44.66
-0.22	0.00	-9.71	-0.06	0.00	-0.12	44.69
-0.23	-0.01	-9.80	0.00	-0.12	-0.19	44.72
-0.22	0.00	-9.74	-0.12	0.12	0.19	44.74
-0.21	0.00	-9.80	-0.06	-0.06	0.06	44.77
-0.23	0.00	-9.74	0.00	0.06	-0.06	44.79
-0.22	0.00	-9.80	0.06	0.00	0.00	44.81
-0.23	0.01	-9.74	-0.06	-0.06	0.00	44.84
-0.22	0.00	-9.80	-0.06	0.00	0.06	44.87
-0.21	-0.01	-9.72	0.06	0.00	0.00	44.89
-0.22	0.00	-9.80	0.00	0.06	0.06	44.92
-0.23	0.00	-9.73	0.06	-0.12	-0.06	44.94
-0.21	0.00	-9.81	0.06	0.06	-0.12	44.97
-0.22	0.00	-9.70	0.00	0.06	0.06	44.99
-0.22	-0.01	-9.79	0.00	0.06	0.00	45.02
-0.22	0.00	-9.74	0.06	0.00	-0.06	45.04
-0.22	-0.01	-9.79	0.06	0.00	-0.12	45.07
-0.22	0.00	-9.71	-0.06	-0.06	0.00	45.09
-0.22	0.00	-9.79	0.06	-0.06	-0.06	45.12
-0.21	0.00	-9.73	-0.06	-0.06	0.06	45.14
-0.22	-0.01	-9.82	0.06	0.06	-0.12	45.17
-0.22	0.00	-9.71	0.00	-0.12	0.00	45.19
-0.21	0.00	-9.81	0.00	-0.06	0.00	45.22
-0.21	0.00	-9.75	0.00	0.06	0.00	45.24
-0.24	0.00	-9.82	-0.06	0.12	0.00	45.27
-0.22	0.00	-9.73	0.19	-0.06	0.06	45.29
-0.19	0.00	-9.82	0.00	0.06	0.00	45.32
-0.21	-0.02	-9.72	0.00	0.12	0.06	45.34
-0.21	-0.01	-9.84	0.06	-0.06	-0.06	45.37
-0.22	0.00	-9.73	-0.12	-0.06	0.06	45.39
-0.22	0.00	-9.83	0.06	-0.06	0.00	45.42
-0.22	0.00	-9.72	0.12	0.00	0.06	45.44
-0.22	0.00	-9.79	0.06	0.12	0.06	45.47
-0.22	0.01	-9.74	0.06	0.06	-0.06	45.49
-0.22	0.00	-9.81	0.00	-0.06	0.00	45.52
-0.22	0.00	-9.74	-0.06	0.06	0.00	45.54
-0.21	0.00	-9.83	-0.06	0.25	0.00	45.57
-0.22	-0.02	-9.73	0.06	-0.06	0.00	45.59
-0.21	0.00	-9.81	-0.06	0.06	-0.12	45.62
-0.22	0.00	-9.72	-0.12	-0.06	0.00	45.64
-0.22	0.00	-9.81	0.12	-0.12	0.06	45.67
-0.21	0.00	-9.73	0.12	-0.06	-0.06	45.69
-0.22	0.00	-9.81	0.06	0.19	0.00	45.72
-0.22	0.00	-9.73	0.06	0.00	-0.12	45.74
-0.23	0.01	-9.77	0.06	0.06	-0.06	45.77
-0.23	-0.01	-9.74	-0.19	0.12	0.06	45.79
-0.23	0.00	-9.80	0.00	0.00	0.00	45.82
-0.22	0.01	-9.70	0.00	0.06	-0.12	45.84
-0.23	0.01	-9.81	0.06	0.06	-0.12	45.87
-0.22	0.00	-9.74	0.00	-0.12	-0.06	45.89
-0.21	0.00	-9.84	0.00	0.00	-0.06	45.92
-0.20	0.00	-9.74	0.00	-0.12	-0.06	45.94
-0.22	0.01	-9.81	0.06	-0.19	0.00	45.97
-0.22	0.00	-9.74	0.06	0.00	0.00	45.99
-0.22	-0.01	-9.82	-0.06	0.00	0.06	46.02
-0.22	0.00	-9.73	0.00	0.06	0.06	46.04
-0.21	0.00	-9.79	0.00	-0.06	0.00	46.07
-0.23	-0.01	-9.71	0.06	0.12	-0.19	46.09
-0.21	0.00	-9.81	0.00	-0.12	0.00	46.12
-0.22	0.00	-9.74	0.00	-0.12	-0.06	46.14
-0.22	0.00	-9.81	0.06	0.06	0.00	46.17
-0.22	0.00	-9.70	-0.12	0.06	0.00	46.19
-0.21	0.00	-9.82	0.00	0.12	0.00	46.22
-0.22	0.00	-9.74	0.06	0.06	0.06	46.24
-0.22	0.00	-9.83	0.06	-0.12	-0.12	46.27
-0.22	0.00	-9.71	0.12	0.00	-0.06	46.29
-0.23	-0.01	-9.80	0.00	0.00	0.00	46.32
-0.23	-0.01	-9.73	0.06	-0.06	-0.06	46.35
-0.22	0.00	-9.82	0.00	0.00	0.00	46.37
-0.23	-0.01	-9.72	0.06	0.00	-0.06	46.40
-0.22	0.00	-9.79	0.00	0.06	0.00	46.42
-0.24	0.00	-9.71	0.00	0.06	-0.06	46.45
-0.24	-0.02	-9.81	0.00	0.06	-0.12	46.47
-0.22	0.00	-9.71	0.12	0.00	0.00	46.50
-0.22	0.01	-9.77	-0.12	-0.19	0.00	46.52
-0.22	0.00	-9.71	-0.06	0.06	0.06	46.54
-0.22	-0.01	-9.81	-0.06	0.12	0.06	46.57
-0.22	0.00	-9.73	0.06	-0.06	-0.12	46.60
-0.22	-0.01	-9.82	0.12	-0.19	-0.25	46.62
-0.22	-0.02	-9.73	0.00	0.00	0.00	46.65
-0.23	0.00	-9.81	0.06	-0.06	0.06	46.67
-0.23	0.00	-9.74	0.06	-0.06	0.00	46.70
-0.22	0.01	-9.82	0.00	0.00	0.06	46.72
-0.22	0.00	-9.71	0.06	-0.06	0.00	46.75
-0.21	0.00	-9.82	0.06	-0.06	0.06	46.77
-0.22	0.00	-9.74	0.00	0.06	0.12	46.80
-0.22	0.00	-9.80	-0.06	0.00	0.00	46.82
-0.21	0.00	-9.72	0.06	0.00	-0.06	46.85
-0.23	0.00	-9.81	-0.06	0.12	-0.06	46.87
-0.21	0.00	-9.73	-0.06	-0.06	0.12	46.90
-0.21	0.00	-9.82	0.12	0.00	-0.12	46.92
-0.21	0.00	-9.72	0.06	-0.06	0.00	46.95
-0.21	0.00	-9.81	0.12	0.00	-0.06	46.97
-0.21	0.01	-9.71	0.12	-0.12	0.00	47.00
-0.23	-0.01	-9.82	0.00	0.06	-0.12	47.02
-0.23	0.00	-9.71	0.00	0.00	0.06	47.05
-0.23	0.00	-9.80	0.00	0.00	0.06	47.07
-0.22	0.00	-9.73	0.06	0.00	-0.06	47.10
-0.21	-0.02	-9.80	0.00	-0.12	0.06	47.12
-0.23	0.00	-9.70	0.12	-0.19	0.06	47.15
-0.22	0.02	-9.81	-0.06	0.06	0.06	47.17
-0.23	-0.01	-9.75	-0.12	0.06	0.12	47.20
-0.21	0.00	-9.81	0.00	0.00	0.00	47.22
-0.23	0.00	-9.74	0.00	-0.19	0.12	47.25
-0.23	0.00	-9.81	0.06	-0.06	0.06	47.27
-0.22	-0.02	-9.73	-0.19	0.19	0.12	47.30
-0.22	-0.01	-9.83	0.06	0.12	-0.06	47.32
-0.22	0.00	-9.73	0.00	0.06	0.19	47.35
-0.21	0.00	-9.79	0.06	0.06	0.00	47.37
-0.22	0.00	-9.72	-0.06	0.00	0.00	47.40
-0.22	0.00	-9.84	-0.12	-0.06	0.06	47.42
-0.22	0.00	-9.74	-0.06	0.00	0.06	47.45
-0.22	0.00	-9.79	-0.19	0.06	0.19	47.47
-0.22	0.00	-9.74	-0.12	0.06	0.06	47.50
-0.23	0.00	-9.79	0.00	0.00	0.00	47.52
-0.22	0.00	-9.75	-0.06	0.19	0.06	47.55
-0.25	0.00	-9.81	0.00	0.00	0.06	47.58
-0.21	0.00	-9.72	-0.12	0.06	0.00	47.60
-0.22	-0.01	-9.80	0.06	-0.06	-0.06	47.63
-0.24	0.00	-9.73	-0.12	0.12	0.00	47.65
-0.21	0.00	-9.83	0.06	-0.06	0.00	47.68
-0.21	0.00	-9.73	0.06	0.00	-0.06	47.70
-0.20	0.00	-9.82	0.06	0.06	0.00	47.72
-0.21	-0.01	-9.73	0.00	0.12	0.00	47.75
-0.21	-0.01	-9.81	0.00	0.00	0.00	47.78
-0.22	0.01	-9.73	-0.06	0.06	0.00	47.80
-0.23	-0.02	-9.82	0.06	-0.06	-0.06	47.83
-0.22	-0.01	-9.74	0.06	0.12	0.00	47.85
-0.23	-0.02	-9.81	0.00	0.06	0.00	47.88
-0.22	0.01	-9.72	0.00	-0.06	-0.12	47.90
-0.23	0.00	-9.80	-0.06	0.06	-0.06	47.93
-0.20	0.00	-9.73	0.00	0.06	0.00	47.95
-0.22	0.00	-9.81	-0.06	0.12	-0.06	47.98
-0.22	0.00	-9.73	0.00	0.06	0.12	48.00
-0.21	0.00	-9.82	0.06	0.12	0.00	48.03
-0.22	0.00	-9.73	0.00	0.12	0.12	48.05
-0.23	0.00	-9.81	-0.12	0.25	-0.12	48.08
-0.23	0.00	-9.72	-0.06	0.12	-0.06	48.10
-0.23	0.00	-9.78	0.00	0.06	0.00	48.13
-0.23	-0.01	-9.70	0.06	-0.06	0.00	48.15
-0.22	-0.01	-9.81	0.06	0.00	-0.06	48.18
-0.22	-0.01	-9.73	0.12	-0.06	-0.12	48.20
-0.22	-0.01	-9.81	0.00	-0.06	0.06	48.23
-0.22	0.01	-9.72	0.06	0.00	0.19	48.25
-0.21	-0.01	-9.80	-0.06	-0.06	0.06	48.28
-0.22	0.00	-9.73	-0.06	-0.12	0.06	48.30
-0.24	0.00	-9.80	-0.19	0.06	0.06	48.33
-0.21	0.00	-9.71	0.19	-0.06	0.00	48.35
-0.21	0.00	-9.82	0.06	0.06	-0.06	48.38
-0.23	0.00	-9.70	-0.12	0.06	0.00	48.40
-0.22	0.00	-9.81	0.06	-0.06	-0.06	48.43
-0.21	0.00	-9.72	-0.06	0.06	-0.06	48.45
-0.23	0.00	-9.80	0.06	-0.25	0.06	48.48
-0.21	-0.02	-9.72	0.06	0.00	-0.06	48.50
-0.23	0.00	-9.82	0.12	0.00	-0.12	48.53
-0.21	0.00	-9.72	0.06	-0.06	0.00	48.55
-0.21	0.00	-9.83	0.00	0.06	0.06	48.58
-0.21	0.01	-9.72	-0.06	0.06	0.06	48.60
-0.22	0.00	-9.82	0.06	0.19	0.06	48.63
-0.22	0.00	-9.75	-0.06	0.06	0.00	48.65
-0.21	-0.01	-9.82	0.06	0.06	-0.06	48.68
-0.22	0.00	-9.72	-0.06	0.06	-0.06	48.70
-0.23	0.00	-9.80	0.00	0.19	-0.06	48.73
-0.21	0.01	-9.73	0.00	0.12	-0.06	48.75
-0.23	0.00	-9.82	-0.06	0.19	0.06	48.78
-0.22	-0.02	-9.73	0.06	-0.06	0.06	48.80
