0.76	0.58	9.78	-0.12	0.06	0.06	58907.91
0.78	0.57	9.80	-0.12	-0.06	0.06	58907.93
0.77	0.57	9.74	0.06	0.12	0.00	58907.95
0.74	0.56	9.75	-0.19	-0.19	0.19	58907.97
0.75	0.56	9.70	0.00	0.12	0.12	58907.99
0.73	0.55	9.75	-0.12	-0.19	0.12	58908.01
0.76	0.59	9.68	0.06	0.06	0.00	58908.03
0.73	0.60	9.69	-0.06	-0.12	0.06	58908.05
0.76	0.59	9.79	-0.12	-0.06	0.06	58908.07
0.76	0.58	9.72	-0.06	-0.06	0.06	58908.09
0.74	0.58	9.78	-0.06	-0.12	0.00	58908.11
0.77	0.58	9.72	0.00	0.19	-0.06	58908.13
0.74	0.58	9.72	-0.12	0.00	0.12	58908.15
0.74	0.60	9.75	-0.06	0.06	0.06	58908.17
0.75	0.57	9.72	-0.06	0.06	0.00	58908.19
0.74	0.56	9.75	-0.06	0.19	0.06	58908.21
0.74	0.59	9.79	-0.19	-0.06	0.12	58908.23
0.75	0.58	9.77	0.00	-0.06	0.00	58908.25
0.73	0.61	9.80	-0.19	0.00	0.12	58908.27
0.75	0.60	9.69	0.00	-0.06	0.06	58908.29
0.74	0.58	9.76	-0.06	-0.12	0.00	58908.31
0.73	0.58	9.73	0.00	0.25	0.06	58908.33
0.73	0.58	9.72	-0.06	-0.25	0.12	58908.35
0.76	0.57	9.78	0.12	-0.19	0.19	58908.37
0.75	0.58	9.70	-0.12	-0.19	-0.12	58908.39
0.77	0.58	9.79	0.00	0.00	-0.12	58908.41
0.76	0.60	9.80	0.06	-0.12	-0.06	58908.43
0.76	0.59	9.73	0.00	-0.06	0.06	58908.45
0.72	0.59	9.79	0.06	0.00	0.00	58908.47
0.73	0.57	9.69	0.00	0.06	-0.06	58908.49
0.73	0.59	9.76	-0.06	-0.12	0.06	58908.51
0.75	0.58	9.74	-0.06	-0.06	0.00	58908.53
0.74	0.59	9.74	0.06	-0.06	-0.06	58908.55
0.73	0.60	9.78	0.00	-0.12	0.00	58908.57
0.75	0.61	9.72	0.00	-0.06	-0.12	58908.59
0.75	0.57	9.80	-0.06	-0.06	0.00	58908.61
0.74	0.58	9.78	0.06	0.00	0.06	58908.63
0.75	0.58	9.74	0.06	-0.06	-0.06	58908.65
0.76	0.57	9.72	0.00	-0.19	-0.06	58908.67
0.75	0.58	9.75	0.00	-0.06	0.06	58908.69
0.77	0.56	9.74	0.19	0.06	0.12	58908.71
0.73	0.57	9.78	0.19	0.00	-0.06	58908.73
0.75	0.58	9.72	0.00	-0.12	-0.06	58908.75
0.77	0.58	9.78	-0.19	0.00	-0.19	58908.77
0.76	0.56	9.74	0.06	0.06	-0.12	58908.79
0.76	0.61	9.78	0.00	0.00	0.12	58908.81
0.76	0.57	9.79	0.06	0.06	-0.12	58908.83
0.74	0.57	9.73	0.12	-0.19	0.00	58908.85
0.76	0.57	9.74	0.06	0.19	0.00	58908.87
0.76	0.59	9.71	0.00	0.12	0.06	58908.89
0.74	0.61	9.74	-0.06	-0.12	0.00	58908.91
0.74	0.58	9.77	0.00	0.06	-0.12	58908.94
0.76	0.57	9.72	-0.06	0.19	-0.19	58908.95
0.75	0.58	9.79	0.06	0.06	0.00	58908.98
0.74	0.57	9.71	0.06	-0.12	0.06	58908.99
0.75	0.58	9.76	0.06	-0.19	0.12	58909.01
0.74	0.58	9.79	0.06	-0.06	-0.06	58909.03
0.75	0.57	9.71	0.00	0.06	-0.12	58909.05
0.75	0.60	9.75	-0.06	-0.06	0.00	58909.07
0.74	0.58	9.70	0.00	-0.06	-0.12	58909.10
0.75	0.57	9.75	0.12	0.00	0.00	58909.12
0.75	0.58	9.78	0.00	0.06	0.06	58909.14
0.73	0.57	9.77	0.00	0.06	-0.12	58909.16
0.77	0.59	9.79	0.06	0.12	0.00	58909.17
0.75	0.58	9.70	0.00	0.06	-0.06	58909.19
0.77	0.57	9.74	0.19	0.06	0.00	58909.21
0.76	0.57	9.77	0.00	0.00	0.00	58909.23
0.75	0.59	9.75	0.19	0.19	-0.19	58909.26
0.72	0.58	9.76	-0.12	0.06	0.06	58909.28
0.74	0.57	9.68	0.00	0.12	0.06	58909.30
0.76	0.58	9.80	0.00	-0.06	0.00	58909.32
0.78	0.57	9.76	0.00	0.00	-0.06	58909.33
0.77	0.57	9.76	0.00	0.12	0.06	58909.35
0.75	0.58	9.81	0.00	0.06	0.00	58909.37
0.73	0.57	9.68	0.06	-0.06	-0.12	58909.39
0.78	0.57	9.77	0.00	-0.19	0.06	58909.41
0.73	0.60	9.74	0.00	-0.12	0.06	58909.44
0.77	0.58	9.71	0.06	0.19	-0.12	58909.46
0.76	0.57	9.76	0.00	0.00	0.00	58909.48
0.74	0.61	9.75	0.00	0.12	-0.12	58909.50
0.77	0.57	9.74	0.06	-0.06	0.00	58909.51
0.75	0.61	9.78	-0.06	-0.12	-0.06	58909.53
0.75	0.61	9.72	0.06	0.00	-0.06	58909.55
0.76	0.59	9.72	0.00	-0.19	0.12	58909.57
0.76	0.57	9.71	0.12	0.00	-0.12	58909.60
0.74	0.57	9.75	0.06	0.00	-0.06	58909.62
0.73	0.58	9.74	-0.06	0.00	-0.06	58909.64
0.75	0.57	9.74	0.00	-0.19	-0.06	58909.66
0.77	0.58	9.77	0.00	-0.12	-0.06	58909.68
0.73	0.56	9.74	0.12	0.00	0.00	58909.70
0.77	0.58	9.75	-0.06	-0.19	-0.12	58909.72
0.74	0.57	9.78	-0.12	-0.12	0.12	58909.74
0.75	0.56	9.74	0.00	-0.25	0.00	58909.76
0.73	0.59	9.76	0.00	0.00	0.12	58909.78
0.72	0.57	9.67	-0.12	-0.06	-0.06	58909.80
0.77	0.60	9.75	0.00	-0.12	0.00	58909.82
0.77	0.62	9.76	-0.06	0.25	-0.06	58909.84
0.76	0.56	9.77	0.00	-0.06	-0.06	58909.86
0.74	0.58	9.77	-0.06	0.12	-0.12	58909.88
0.75	0.57	9.74	-0.06	0.06	-0.06	58909.90
0.71	0.57	9.79	-0.12	0.06	0.06	58909.92
0.74	0.57	9.78	-0.06	-0.19	-0.06	58909.94
0.73	0.62	9.75	0.06	0.25	-0.12	58909.96
0.74	0.58	9.73	-0.19	-0.06	-0.19	58909.98
0.74	0.59	9.72	0.06	0.06	-0.06	58910.00
0.75	0.59	9.75	0.00	0.12	0.06	58910.02
0.76	0.57	9.77	0.00	-0.06	-0.12	58910.04
0.76	0.57	9.75	-0.06	-0.06	0.12	58910.06
0.76	0.60	9.79	0.06	-0.06	0.06	58910.08
0.76	0.59	9.72	-0.06	0.00	0.06	58910.10
0.77	0.57	9.74	0.12	-0.06	-0.12	58910.12
0.74	0.56	9.72	0.00	0.06	-0.06	58910.14
0.79	0.59	9.73	0.00	0.00	0.00	58910.16
0.74	0.58	9.78	0.00	0.00	0.00	58910.18
0.74	0.57	9.71	0.00	-0.06	0.06	58910.20
0.78	0.59	9.75	0.00	0.06	-0.12	58910.22
0.75	0.58	9.77	-0.06	0.06	0.00	58910.24
0.75	0.58	9.75	0.06	0.00	0.00	58910.26
0.74	0.60	9.81	-0.06	-0.19	-0.06	58910.28
0.74	0.61	9.74	0.00	-0.06	0.00	58910.30
0.74	0.59	9.74	0.06	0.06	0.06	58910.32
0.75	0.61	9.73	-0.12	-0.25	0.06	58910.34
0.74	0.58	9.72	-0.06	0.06	0.06	58910.36
0.74	0.57	9.77	-0.12	0.00	0.00	58910.38
0.76	0.58	9.69	-0.06	-0.19	-0.12	58910.40
0.74	0.60	9.78	0.00	-0.06	0.06	58910.42
0.74	0.58	9.80	0.00	0.00	0.00	58910.44
0.74	0.59	9.73	0.00	-0.06	0.00	58910.46
0.74	0.61	9.78	0.00	-0.12	-0.19	58910.48
0.75	0.58	9.71	0.06	-0.12	0.00	58910.50
0.77	0.59	9.74	-0.06	-0.06	0.00	58910.52
0.75	0.58	9.74	0.06	0.12	-0.06	58910.54
0.73	0.57	9.72	-0.06	0.00	-0.12	58910.56
0.70	0.57	9.78	-0.12	-0.12	0.00	58910.58
0.75	0.57	9.73	0.00	0.06	-0.06	58910.60
0.74	0.57	9.79	0.00	0.00	0.06	58910.62
0.78	0.59	9.76	0.00	-0.12	-0.06	58910.64
0.78	0.61	9.72	0.06	0.00	0.00	58910.66
0.73	0.56	9.71	0.00	-0.12	0.00	58910.68
0.74	0.57	9.66	-0.06	-0.12	0.00	58910.70
0.73	0.58	9.77	0.00	-0.12	0.06	58910.72
0.73	0.58	9.77	-0.06	-0.06	0.12	58910.74
0.77	0.58	9.72	0.19	0.00	0.06	58910.76
0.72	0.62	9.79	-0.06	-0.19	0.06	58910.78
0.76	0.60	9.74	-0.06	0.06	-0.06	58910.80
0.76	0.61	9.76	-0.12	0.12	-0.12	58910.82
0.77	0.53	9.78	0.00	0.06	0.00	58910.84
0.76	0.56	9.71	0.12	0.00	0.06	58910.86
0.76	0.56	9.73	0.12	0.12	-0.06	58910.88
0.75	0.59	9.67	0.00	0.19	0.06	58910.90
0.78	0.59	9.76	0.00	0.00	0.00	58910.92
0.77	0.56	9.76	-0.06	-0.12	0.12	58910.94
0.78	0.57	9.68	-0.06	0.00	-0.06	58910.97
0.73	0.57	9.79	-0.12	0.00	0.00	58910.98
0.72	0.56	9.76	-0.06	0.00	0.00	58911.01
0.72	0.60	9.76	-0.06	-0.12	0.06	58911.02
0.78	0.60	9.73	0.12	-0.12	0.00	58911.05
0.76	0.58	9.72	0.00	-0.06	-0.06	58911.07
0.75	0.60	9.76	-0.06	-0.12	0.12	58911.09
0.72	0.58	9.71	-0.12	0.12	-0.06	58911.11
0.74	0.57	9.79	-0.06	-0.12	0.06	58911.13
0.71	0.61	9.67	0.06	-0.19	0.06	58911.15
0.78	0.59	9.75	0.06	0.06	0.06	58911.17
0.78	0.60	9.77	-0.06	0.00	0.06	58911.19
0.78	0.57	9.72	0.12	0.12	0.06	58911.21
0.75	0.56	9.78	0.06	0.06	-0.06	58911.23
0.72	0.57	9.74	0.00	-0.12	0.00	58911.25
0.74	0.57	9.72	0.12	-0.06	0.00	58911.27
0.75	0.57	9.75	0.00	-0.19	0.00	58911.29
0.75	0.56	9.67	0.06	0.00	0.06	58911.31
0.75	0.60	9.79	0.00	0.06	-0.06	58911.33
0.75	0.57	9.80	-0.06	-0.06	-0.06	58911.35
0.74	0.57	9.77	0.00	0.00	-0.06	58911.37
0.74	0.59	9.78	-0.12	-0.06	0.06	58911.39
0.72	0.59	9.70	-0.12	0.12	-0.12	58911.41
0.74	0.59	9.74	-0.06	-0.06	0.06	58911.43
0.74	0.60	9.73	-0.06	-0.12	0.06	58911.45
0.78	0.60	9.75	0.12	0.31	-0.19	58911.47
0.76	0.57	9.76	0.00	0.12	0.00	58911.49
0.72	0.57	9.75	-0.19	0.00	0.06	58911.51
0.72	0.60	9.78	-0.06	0.06	0.00	58911.53
0.74	0.59	9.77	0.00	0.06	-0.06	58911.55
0.76	0.58	9.73	0.06	0.12	0.00	58911.57
0.76	0.59	9.73	-0.06	-0.12	-0.12	58911.59
0.74	0.58	9.72	0.00	0.06	0.00	58911.61
0.74	0.58	9.74	0.00	0.06	0.00	58911.63
0.71	0.59	9.76	0.00	0.06	-0.12	58911.65
0.71	0.60	9.70	0.06	0.12	-0.06	58911.67
0.75	0.56	9.77	-0.12	0.00	-0.06	58911.69
0.77	0.58	9.66	0.00	0.12	0.00	58911.71
0.78	0.58	9.77	0.12	0.12	-0.12	58911.73
0.75	0.58	9.77	0.12	0.19	-0.12	58911.75
0.74	0.59	9.72	0.00	-0.06	0.00	58911.77
0.74	0.59	9.74	-0.06	0.00	-0.06	58911.79
0.73	0.60	9.71	0.00	-0.06	0.06	58911.81
0.75	0.57	9.76	0.06	-0.06	0.06	58911.83
0.76	0.58	9.75	-0.06	-0.19	0.06	58911.85
0.76	0.59	9.70	-0.06	0.06	0.00	58911.87
0.74	0.60	9.80	0.00	0.00	-0.06	58911.89
0.74	0.58	9.75	0.12	0.06	0.00	58911.91
0.74	0.58	9.77	-0.06	0.06	-0.06	58911.93
0.75	0.56	9.77	-0.12	0.00	0.00	58911.95
0.76	0.58	9.74	0.06	-0.06	-0.06	58911.97
0.76	0.56	9.75	0.12	-0.12	0.00	58911.99
0.75	0.58	9.72	-0.06	-0.12	0.06	58912.01
0.75	0.60	9.77	0.06	-0.12	0.06	58912.03
0.71	0.57	9.77	-0.06	0.06	0.06	58912.05
0.75	0.60	9.76	0.06	0.31	-0.12	58912.07
0.78	0.60	9.78	-0.06	0.19	0.12	58912.09
0.75	0.59	9.76	-0.06	0.06	0.06	58912.11
0.74	0.60	9.75	0.06	0.06	-0.06	58912.13
0.74	0.59	9.76	-0.06	-0.06	0.00	58912.15
0.73	0.54	9.70	0.06	-0.06	0.06	58912.17
0.76	0.57	9.74	0.06	0.12	-0.12	58912.19
0.76	0.58	9.72	0.00	-0.06	0.06	58912.21
0.75	0.60	9.76	0.00	0.06	-0.06	58912.23
0.76	0.56	9.80	-0.06	0.00	0.00	58912.25
0.74	0.57	9.74	0.00	0.12	0.06	58912.27
0.74	0.61	9.80	0.06	0.19	-0.19	58912.29
0.76	0.59	9.70	-0.12	-0.06	0.00	58912.31
0.76	0.59	9.73	0.00	0.00	0.00	58912.33
0.75	0.57	9.77	0.12	0.12	0.00	58912.35
0.74	0.55	9.75	-0.06	-0.12	0.06	58912.37
0.73	0.58	9.77	0.06	0.06	0.00	58912.39
0.74	0.57	9.69	0.06	0.19	0.00	58912.41
0.75	0.60	9.76	0.19	0.00	-0.25	58912.44
0.76	0.57	9.77	0.06	0.06	-0.12	58912.46
0.77	0.60	9.73	-0.06	-0.06	-0.06	58912.48
0.73	0.57	9.74	0.12	0.12	0.12	58912.50
0.74	0.58	9.72	-0.06	-0.06	0.00	58912.51
0.75	0.57	9.74	0.06	0.12	0.00	58912.53
0.76	0.55	9.76	0.00	-0.19	-0.12	58912.55
0.75	0.59	9.72	0.12	0.19	-0.06	58912.57
0.76	0.59	9.79	-0.06	-0.12	0.00	58912.60
0.74	0.57	9.76	0.00	-0.19	0.00	58912.62
0.77	0.57	9.76	-0.06	0.00	0.00	58912.64
0.74	0.57	9.80	0.12	0.00	-0.12	58912.66
0.73	0.55	9.75	0.12	0.00	0.00	58912.67
0.76	0.60	9.74	0.12	0.00	-0.06	58912.69
0.74	0.57	9.68	-0.06	-0.12	0.00	58912.71
0.77	0.59	9.76	0.00	0.12	-0.19	58912.73
0.76	0.59	9.80	-0.12	-0.12	-0.06	58912.76
0.75	0.57	9.76	0.06	0.12	0.06	58912.78
0.75	0.57	9.80	0.06	-0.19	0.06	58912.80
0.73	0.60	9.75	0.12	-0.19	-0.06	58912.82
0.74	0.59	9.76	-0.06	-0.19	0.00	58912.83
0.74	0.60	9.78	0.00	0.00	-0.12	58912.85
0.76	0.58	9.72	-0.19	-0.19	0.06	58912.87
0.77	0.57	9.77	0.06	-0.19	-0.06	58912.89
0.73	0.56	9.72	-0.06	0.06	0.00	58912.91
0.71	0.57	9.77	-0.06	0.00	-0.12	58912.94
0.72	0.58	9.78	-0.12	-0.12	-0.12	58912.96
0.77	0.60	9.76	0.06	-0.12	0.00	58912.98
0.78	0.58	9.79	-0.12	-0.06	0.06	58913.00
0.76	0.57	9.73	0.12	0.12	0.00	58913.01
0.74	0.58	9.77	0.06	-0.06	-0.12	58913.04
0.72	0.57	9.75	-0.06	0.06	-0.06	58913.05
0.74	0.59	9.72	0.00	0.19	-0.06	58913.08
0.77	0.59	9.72	0.06	-0.12	-0.12	58913.10
0.76	0.57	9.69	0.06	0.12	-0.12	58913.12
0.74	0.57	9.79	-0.12	-0.25	-0.06	58913.14
0.75	0.59	9.68	0.06	0.25	0.06	58913.16
0.73	0.59	9.75	0.00	0.19	0.00	58913.18
0.74	0.58	9.79	0.06	-0.06	0.00	58913.20
0.75	0.61	9.71	0.00	-0.06	-0.12	58913.22
0.78	0.59	9.76	-0.12	-0.19	0.00	58913.24
0.74	0.57	9.73	-0.06	-0.25	-0.12	58913.26
0.77	0.57	9.71	-0.12	0.25	0.00	58913.28
0.72	0.57	9.77	0.06	0.12	0.06	58913.30
0.72	0.60	9.71	0.00	0.00	-0.12	58913.32
0.74	0.59	9.77	-0.06	-0.06	0.12	58913.34
0.77	0.58	9.78	0.06	-0.12	-0.06	58913.36
0.76	0.61	9.76	0.00	0.19	-0.06	58913.38
0.72	0.60	9.74	0.00	0.06	-0.12	58913.40
0.74	0.56	9.72	-0.06	0.19	0.06	58913.42
0.75	0.58	9.73	0.06	0.12	-0.12	58913.44
0.75	0.57	9.76	-0.06	-0.12	0.06	58913.46
0.74	0.59	9.71	0.06	-0.12	0.12	58913.48
0.77	0.60	9.79	0.00	-0.12	-0.06	58913.50
0.77	0.56	9.75	-0.12	-0.19	0.06	58913.52
0.73	0.55	9.80	0.00	-0.12	0.00	58913.54
0.75	0.56	9.81	-0.06	-0.19	0.06	58913.56
0.75	0.62	9.73	0.06	0.00	0.00	58913.58
0.75	0.57	9.73	-0.06	-0.06	-0.06	58913.60
0.77	0.57	9.71	-0.06	-0.19	0.00	58913.62
0.75	0.59	9.75	0.06	0.00	-0.06	58913.64
0.74	0.59	9.77	0.00	-0.12	-0.06	58913.66
0.74	0.59	9.70	0.12	0.12	-0.19	58913.68
0.75	0.57	9.79	0.00	0.00	-0.06	58913.70
0.76	0.58	9.68	0.06	-0.06	0.12	58913.72
0.76	0.57	9.78	0.06	0.00	0.06	58913.74
0.76	0.60	9.80	-0.12	-0.31	0.00	58913.76
0.77	0.61	9.72	-0.06	0.06	-0.06	58913.78
0.75	0.59	9.76	-0.06	-0.12	0.00	58913.80
0.75	0.58	9.65	0.06	0.06	0.06	58913.82
0.75	0.57	9.76	-0.06	0.06	0.00	58913.84
0.74	0.59	9.77	-0.06	0.00	-0.06	58913.86
0.77	0.59	9.73	-0.12	-0.12	-0.06	58913.88
0.75	0.57	9.75	0.06	-0.12	0.00	58913.90
0.72	0.59	9.72	0.06	0.00	0.00	58913.92
0.72	0.56	9.79	-0.06	0.06	-0.06	58913.94
0.74	0.59	9.76	0.06	-0.06	0.06	58913.96
0.74	0.58	9.72	0.12	0.12	0.00	58913.98
0.76	0.57	9.76	0.00	0.00	0.00	58914.00
0.75	0.58	9.69	0.00	0.00	0.00	58914.02
0.73	0.57	9.75	0.12	0.12	-0.06	58914.04
0.76	0.56	9.80	0.00	0.00	0.00	58914.06
0.75	0.59	9.73	-0.12	-0.12	-0.06	58914.08
0.76	0.60	9.77	0.00	-0.12	-0.12	58914.10
0.76	0.58	9.69	0.00	0.00	0.06	58914.12
0.75	0.57	9.74	0.12	-0.06	0.06	58914.14
0.74	0.58	9.76	0.00	0.25	0.00	58914.16
0.73	0.58	9.69	0.00	0.19	0.00	58914.18
0.74	0.57	9.76	0.06	-0.12	-0.12	58914.20
0.73	0.57	9.70	0.06	0.06	0.06	58914.22
0.77	0.57	9.75	0.00	0.12	0.00	58914.24
0.75	0.57	9.79	0.06	0.00	-0.06	58914.26
0.75	0.59	9.74	0.00	-0.12	0.06	58914.29
0.73	0.61	9.79	0.00	0.19	0.06	58914.30
0.71	0.56	9.70	-0.06	0.12	0.12	58914.33
0.75	0.59	9.76	0.00	0.06	0.00	58914.35
0.74	0.58	9.74	-0.06	0.00	0.06	58914.37
0.77	0.60	9.72	0.06	0.12	-0.06	58914.38
0.73	0.57	9.77	0.00	-0.06	-0.06	58914.41
0.73	0.58	9.74	-0.06	-0.19	0.06	58914.42
0.75	0.57	9.79	-0.06	0.00	0.00	58914.45
0.73	0.57	9.77	-0.06	0.06	0.00	58914.46
0.74	0.58	9.72	0.00	0.06	-0.12	58914.49
0.74	0.58	9.72	0.06	0.06	0.06	58914.51
0.73	0.56	9.73	0.12	0.19	0.06	58914.53
0.75	0.59	9.78	-0.06	-0.19	0.06	58914.55
0.77	0.59	9.78	-0.06	-0.06	0.06	58914.57
0.75	0.60	9.76	0.06	0.06	0.06	58914.59
0.76	0.57	9.77	-0.06	0.06	-0.19	58914.61
0.77	0.57	9.72	-0.06	0.06	0.00	58914.63
0.74	0.57	9.77	0.06	-0.06	-0.12	58914.65
0.77	0.56	9.79	0.19	0.19	0.00	58914.67
0.75	0.62	9.77	0.00	0.00	0.06	58914.69
0.76	0.61	9.76	0.06	0.25	-0.12	58914.71
0.74	0.58	9.71	-0.12	-0.06	0.00	58914.73
0.76	0.59	9.72	0.00	-0.06	-0.12	58914.75
0.75	0.59	9.76	-0.19	0.00	0.12	58914.77
0.74	0.55	9.77	-0.06	0.00	-0.12	58914.79
0.75	0.56	9.78	0.12	0.19	-0.19	58914.81
0.75	0.58	9.74	0.19	0.19	-0.12	58914.83
0.77	0.59	9.77	-0.06	0.19	-0.12	58914.85
0.77	0.57	9.66	0.19	0.00	-0.12	58914.87
0.76	0.59	9.73	0.00	0.12	0.00	58914.89
0.73	0.57	9.74	0.12	0.06	-0.06	58914.91
0.72	0.57	9.69	0.06	0.06	-0.06	58914.93
0.74	0.59	9.78	0.06	0.00	-0.06	58914.95
0.75	0.60	9.78	0.00	0.12	-0.06	58914.97
0.75	0.60	9.76	-0.06	0.12	-0.06	58914.99
0.77	0.59	9.79	-0.06	-0.06	0.12	58915.01
0.74	0.58	9.75	0.00	0.00	-0.12	58915.03
0.76	0.59	9.77	0.12	0.12	-0.06	58915.05
0.75	0.57	9.76	0.00	-0.12	-0.19	58915.07
0.75	0.58	9.71	0.00	0.00	-0.12	58915.09
0.74	0.59	9.77	-0.06	0.00	-0.12	58915.11
0.74	0.57	9.72	-0.06	0.06	-0.12	58915.13
0.75	0.58	9.75	-0.06	-0.19	-0.06	58915.15
0.74	0.57	9.69	0.00	0.00	0.00	58915.17
0.73	0.58	9.73	0.06	0.06	-0.06	58915.19
0.74	0.56	9.81	-0.12	-0.06	-0.06	58915.21
0.74	0.61	9.70	0.12	0.19	-0.06	58915.23
0.75	0.60	9.77	0.00	0.12	-0.06	58915.25
0.76	0.60	9.78	0.00	0.12	-0.06	58915.27
0.75	0.58	9.70	-0.12	0.00	-0.06	58915.29
0.75	0.57	9.75	-0.12	0.00	-0.19	58915.31
0.74	0.57	9.70	0.12	0.12	0.00	58915.33
0.77	0.56	9.77	-0.06	-0.06	-0.12	58915.35
0.73	0.58	9.80	-0.06	-0.06	0.00	58915.37
0.73	0.59	9.70	0.19	0.06	-0.06	58915.39
0.74	0.59	9.71	0.12	0.12	-0.06	58915.41
0.76	0.59	9.74	0.00	0.00	-0.06	58915.43
0.73	0.58	9.74	0.06	-0.12	-0.12	58915.45
0.74	0.58	9.76	0.00	0.06	0.06	58915.47
0.74	0.61	9.71	0.00	0.25	-0.06	58915.49
0.76	0.60	9.77	0.12	0.12	-0.12	58915.51
0.78	0.57	9.71	-0.06	0.00	-0.12	58915.53
0.75	0.60	9.74	0.12	0.25	-0.06	58915.55
0.78	0.59	9.79	0.12	0.19	0.06	58915.57
0.76	0.56	9.73	0.06	0.00	-0.06	58915.59
0.74	0.58	9.74	0.00	0.12	0.00	58915.62
0.76	0.60	9.73	0.06	0.12	-0.06	58915.63
0.75	0.59	9.74	0.12	0.00	-0.12	58915.66
0.77	0.59	9.79	-0.06	-0.06	-0.06	58915.67
0.77	0.61	9.70	0.00	-0.06	-0.12	58915.69
0.74	0.60	9.80	0.00	-0.06	-0.19	58915.71
0.75	0.57	9.75	0.00	-0.19	-0.06	58915.73
0.74	0.58	9.76	0.00	0.06	-0.06	58915.76
0.74	0.57	9.70	0.00	-0.06	-0.19	58915.78
0.74	0.58	9.74	0.19	0.19	-0.12	58915.79
0.75	0.56	9.75	0.06	0.06	0.06	58915.82
0.75	0.57	9.72	0.06	0.12	-0.06	58915.83
0.74	0.57	9.79	-0.06	0.00	-0.06	58915.85
0.74	0.59	9.76	0.12	0.19	-0.12	58915.87
0.78	0.59	9.78	0.06	0.12	-0.12	58915.89
0.76	0.58	9.78	-0.06	0.19	-0.19	58915.91
0.73	0.56	9.73	-0.06	0.06	-0.19	58915.94
0.73	0.58	9.74	-0.06	0.12	-0.19	58915.96
0.71	0.60	9.68	-0.06	0.06	-0.12	58915.98
0.72	0.56	9.73	0.00	0.06	-0.12	58916.00
0.77	0.58	9.77	0.12	0.06	0.00	58916.01
0.76	0.60	9.67	-0.06	-0.06	0.00	58916.03
0.76	0.59	9.75	-0.06	0.12	-0.12	58916.05
1.10	0.38	9.80	0.00	1.12	1.37	58916.07
0.34	0.73	9.99	1.31	0.06	2.38	58916.10
0.45	0.61	9.89	7.13	-1.88	7.00	58916.12
0.58	1.19	9.68	5.88	-4.25	5.69	58916.14
0.46	0.30	9.75	5.19	-4.00	5.13	58916.16
0.96	0.09	9.58	7.19	-3.81	12.81	58916.17
0.59	0.33	9.52	9.06	-4.75	18.19	58916.19
0.40	0.65	9.70	10.00	-6.56	18.44	58916.21
0.13	1.16	9.80	7.56	-5.69	14.31	58916.24
0.91	0.92	9.88	5.00	-3.75	9.19	58916.26
0.34	1.08	9.91	3.00	-2.00	5.19	58916.28
0.80	0.88	9.74	0.88	-0.69	2.44	58916.30
1.38	0.43	9.48	3.38	-4.56	11.06	58916.32
0.91	0.74	9.66	10.94	-9.13	18.75	58916.33
1.26	-1.19	9.10	12.31	-9.44	18.19	58916.36
-0.15	2.68	10.48	8.56	6.00	4.31	58916.37
0.87	1.05	9.79	3.63	-3.25	7.81	58916.40
0.79	0.79	9.75	3.81	-4.25	7.44	58916.42
0.97	0.77	9.59	4.88	-4.19	6.56	58916.44
0.80	0.99	9.82	5.50	-4.00	5.75	58916.46
0.78	1.08	9.76	3.63	-2.06	3.88	58916.48
0.97	0.88	9.74	3.25	-1.69	2.81	58916.50
1.08	0.84	9.74	-0.12	-0.25	0.44	58916.52
0.97	0.84	9.72	-0.31	-1.00	0.19	58916.54
0.95	1.04	9.72	0.12	-1.12	-0.12	58916.56
1.16	0.84	9.71	0.63	0.12	-0.06	58916.58
1.01	0.93	9.73	0.00	0.25	0.31	58916.60
0.98	1.02	9.78	0.00	0.25	0.06	58916.62
1.02	0.92	9.64	-0.31	0.25	-0.12	58916.64
1.02	0.94	9.72	-0.25	0.63	-0.12	58916.66
1.02	1.00	9.76	-0.37	0.88	0.00	58916.68
1.06	0.92	9.70	-0.69	0.75	-0.19	58916.70
0.95	0.96	9.75	-0.50	0.81	-0.31	58916.72
1.07	0.87	9.63	-0.50	0.50	-0.50	58916.74
0.98	0.93	9.75	-0.37	0.50	-0.37	58916.76
0.98	0.94	9.74	-0.50	0.88	-0.12	58916.78
1.04	0.89	9.69	-0.63	1.19	0.12	58916.80
1.05	0.93	9.74	0.12	0.88	0.63	58916.82
1.01	1.01	9.68	-0.31	0.56	0.12	58916.84
1.00	0.91	9.75	-0.75	0.94	-0.44	58916.86
0.96	0.88	9.63	-0.50	0.75	-0.19	58916.88
1.04	0.96	9.67	-0.44	1.06	-0.25	58916.90
1.02	0.89	9.72	-0.37	0.75	-0.19	58916.92
1.02	0.90	9.72	-0.25	1.00	-0.12	58916.94
0.88	1.04	9.82	-2.25	1.88	-1.94	58916.96
0.94	0.94	9.77	-4.44	3.31	-3.13	58916.98
0.86	0.99	9.78	-5.13	4.38	-3.56	58917.00
1.01	0.64	9.67	-7.00	5.81	-4.81	58917.02
1.10	0.58	9.55	-7.38	5.88	-5.25	58917.04
0.98	0.76	9.72	-4.88	3.94	-3.88	58917.06
0.94	0.79	9.71	-2.88	2.38	-2.19	58917.08
0.84	0.88	9.73	-1.63	1.56	-0.81	58917.10
0.91	0.73	9.73	-0.81	0.75	-0.56	58917.12
0.88	0.81	9.70	-0.31	0.37	-0.37	58917.14
0.89	0.86	9.75	0.00	-0.06	-0.06	58917.16
0.85	0.86	9.75	0.06	0.31	0.19	58917.18
0.89	0.78	9.72	-0.06	0.56	0.00	58917.20
0.90	0.75	9.70	-0.06	0.19	0.25	58917.22
0.90	0.75	9.71	0.00	0.31	0.06	58917.24
0.89	0.81	9.75	-0.12	0.25	0.19	58917.26
0.88	0.79	9.74	0.06	0.56	0.19	58917.28
0.90	0.81	9.70	-0.06	0.37	0.37	58917.30
0.89	0.80	9.80	0.06	0.37	0.06	58917.32
0.85	0.81	9.73	-0.12	0.25	0.00	58917.34
0.86	0.79	9.76	0.06	0.06	0.00	58917.36
0.84	0.86	9.77	-0.06	0.25	0.00	58917.38
0.90	0.81	9.70	-0.12	-0.12	0.19	58917.40
0.88	0.79	9.72	0.19	0.75	-0.12	58917.42
0.89	0.78	9.68	0.06	0.31	-0.12	58917.44
0.86	0.82	9.75	0.06	0.12	-0.19	58917.46
0.90	0.81	9.73	-0.12	0.00	-0.12	58917.48
0.87	0.82	9.69	0.00	-0.06	0.00	58917.50
0.90	0.81	9.77	0.00	0.06	0.06	58917.52
0.89	0.79	9.71	-0.06	-0.12	-0.12	58917.54
0.85	0.82	9.78	0.00	-0.12	-0.12	58917.56
0.89	0.82	9.78	-0.12	0.00	-0.12	58917.58
0.87	0.78	9.74	0.00	-0.06	-0.12	58917.61
0.86	0.77	9.72	-0.06	-0.25	0.12	58917.62
0.90	0.79	9.69	0.00	0.12	-0.06	58917.65
0.86	0.80	9.74	0.06	0.06	-0.06	58917.66
0.87	0.82	9.76	-0.06	0.00	-0.12	58917.69
0.86	0.79	9.72	-0.12	-0.12	0.06	58917.70
0.86	0.80	9.75	-0.06	-0.12	0.00	58917.73
0.88	0.80	9.70	0.06	-0.06	-0.06	58917.74
0.87	0.84	9.74	-0.06	0.19	-0.12	58917.77
0.88	0.80	9.72	0.06	0.06	-0.06	58917.79
0.88	0.80	9.70	-0.06	0.00	-0.12	58917.81
0.88	0.79	9.74	-0.06	0.12	-0.12	58917.83
0.88	0.78	9.70	0.12	-0.12	-0.19	58917.85
0.88	0.81	9.76	-0.06	-0.06	-0.06	58917.87
0.85	0.81	9.77	0.12	0.06	-0.19	58917.89
0.89	0.80	9.71	0.00	-0.06	0.00	58917.91
0.90	0.79	9.76	0.06	-0.12	-0.12	58917.93
0.88	0.81	9.72	0.06	0.00	0.00	58917.95
0.89	0.79	9.73	0.12	-0.06	-0.06	58917.97
0.87	0.81	9.74	0.06	0.12	0.00	58917.99
0.87	0.80	9.73	0.06	0.12	-0.06	58918.01
0.89	0.79	9.75	0.12	0.06	-0.12	58918.03
0.88	0.81	9.69	0.00	0.06	0.12	58918.05
0.89	0.81	9.74	-0.06	-0.19	0.06	58918.07
0.88	0.80	9.76	-0.06	-0.12	0.06	58918.09
0.89	0.80	9.72	0.00	-0.12	0.00	58918.11
0.86	0.79	9.70	0.00	0.06	-0.12	58918.13
0.87	0.80	9.70	0.06	0.00	-0.12	58918.15
0.88	0.80	9.73	-0.06	-0.06	0.06	58918.17
0.87	0.79	9.72	0.06	0.12	-0.12	58918.19
0.87	0.80	9.69	0.19	-0.31	0.00	58918.21
0.87	0.80	9.75	0.00	0.00	0.00	58918.23
0.87	0.84	9.64	0.12	0.19	0.00	58918.25
0.89	0.81	9.74	-0.12	-0.31	-0.37	58918.27
0.85	0.79	9.76	0.06	-0.19	-0.12	58918.29
0.90	0.79	9.76	-0.12	-0.12	-0.12	58918.31
0.90	0.78	9.71	0.00	-0.19	-0.25	58918.33
0.87	0.74	9.68	-0.06	0.06	-0.12	58918.35
0.82	0.85	9.75	-0.12	0.00	0.00	58918.37
0.91	0.79	9.73	0.00	-0.06	-0.06	58918.39
0.90	0.74	9.68	-0.19	-0.12	-0.06	58918.41
0.92	0.77	9.69	0.12	0.00	-0.06	58918.43
0.91	0.76	9.68	0.25	-0.44	0.31	58918.45
0.85	0.79	9.72	0.56	-0.44	0.44	58918.47
0.98	0.74	9.56	0.31	-0.31	0.12	58918.49
0.90	0.84	9.71	0.75	-0.75	0.63	58918.51
0.91	0.70	9.67	0.63	-0.63	0.56	58918.53
0.94	0.74	9.65	0.31	-0.31	0.31	58918.55
0.87	0.79	9.70	0.12	-0.50	0.19	58918.57
0.88	0.78	9.74	0.19	0.06	0.00	58918.59
0.85	0.91	9.74	0.56	-0.44	0.56	58918.61
0.86	0.87	9.78	0.31	-0.25	0.37	58918.63
0.97	0.73	9.69	0.12	-0.12	0.06	58918.65
0.94	0.80	9.71	0.44	-0.50	0.37	58918.67
0.79	0.96	9.76	0.75	-0.75	0.44	58918.69
0.91	0.79	9.74	0.88	-0.56	0.56	58918.71
0.98	0.75	9.72	0.63	-0.44	0.63	58918.73
0.91	0.83	9.71	0.81	-0.75	0.81	58918.75
1.02	0.83	9.72	0.50	-0.44	0.44	58918.77
0.90	0.82	9.78	1.12	-0.88	0.81	58918.79
0.91	0.88	9.74	0.94	-0.56	0.75	58918.81
0.88	0.88	9.77	0.19	-0.19	0.19	58918.83
0.92	0.82	9.67	0.06	0.00	-0.12	58918.85
0.96	0.87	9.75	0.12	0.12	-0.19	58918.87
0.88	0.84	9.69	0.19	-0.06	-0.06	58918.89
0.96	0.82	9.67	0.69	-0.37	0.50	58918.91
1.02	0.71	9.64	1.69	-1.00	1.06	58918.94
0.94	0.83	9.67	1.63	-1.31	1.37	58918.95
0.87	0.94	9.80	1.56	-1.25	1.31	58918.98
1.06	0.80	9.68	1.88	-1.44	1.44	58918.99
0.94	0.87	9.66	1.25	-0.88	0.75	58919.01
1.04	0.85	9.69	0.50	-0.75	0.31	58919.03
0.97	0.87	9.64	0.31	-0.44	0.12	58919.05
0.92	0.86	9.76	0.31	-0.50	0.12	58919.07
0.95	0.82	9.71	0.31	-0.19	0.25	58919.10
0.91	0.98	9.73	0.37	-0.31	0.44	58919.12
0.94	0.87	9.73	0.63	-0.31	0.50	58919.14
0.98	0.83	9.67	1.00	-0.56	0.69	58919.16
0.93	0.88	9.74	1.44	-1.25	1.12	58919.17
0.90	0.89	9.77	0.94	-0.50	0.56	58919.19
0.88	1.03	9.75	1.00	-1.06	0.50	58919.21
0.95	0.96	9.72	0.56	-0.69	0.56	58919.23
0.92	0.91	9.69	0.50	-0.31	0.25	58919.26
1.01	0.79	9.72	0.50	-0.37	0.44	58919.28
0.90	1.02	9.75	0.25	-0.06	0.25	58919.30
0.96	0.96	9.68	0.56	-0.25	0.37	58919.32
0.93	0.84	9.76	0.75	-0.31	0.25	58919.33
0.96	0.87	9.67	0.12	-0.12	0.06	58919.35
0.99	0.83	9.72	0.63	-0.25	0.37	58919.37
0.92	1.02	9.86	0.69	-0.19	0.37	58919.39
0.96	0.91	9.69	0.12	0.00	0.06	58919.41
1.00	0.86	9.69	-0.06	-0.06	-0.12	58919.44
0.98	0.89	9.72	0.31	-0.25	0.25	58919.46
0.95	0.92	9.70	0.37	-0.06	0.25	58919.48
0.97	0.87	9.72	1.56	-1.12	1.25	58919.50
0.90	1.02	9.75	1.06	-0.69	0.56	58919.52
1.00	0.91	9.76	0.25	0.00	0.12	58919.53
0.98	0.84	9.70	0.06	0.06	0.06	58919.56
0.94	0.98	9.72	0.06	-0.12	0.06	58919.57
0.99	0.96	9.69	0.25	-0.12	0.25	58919.60
0.96	0.94	9.71	0.19	-0.19	0.19	58919.62
0.97	0.95	9.76	0.94	-0.69	0.63	58919.64
1.04	0.91	9.69	0.63	-0.31	0.44	58919.66
0.95	1.02	9.81	1.00	-0.37	0.69	58919.68
0.99	0.93	9.74	0.44	-0.12	0.31	58919.69
0.95	0.92	9.68	0.00	0.00	0.12	58919.72
1.01	0.89	9.76	0.12	0.12	0.00	58919.74
0.98	0.95	9.72	0.06	0.06	0.06	58919.76
0.97	0.92	9.72	0.06	0.06	-0.06	58919.78
1.02	0.91	9.68	-0.06	0.19	-0.12	58919.80
1.02	0.89	9.67	0.06	0.12	0.06	58919.82
1.02	0.91	9.73	0.19	0.06	0.25	58919.84
0.98	0.91	9.69	0.12	0.12	0.00	58919.86
0.98	0.89	9.69	0.06	0.00	0.12	58919.88
1.01	0.96	9.75	0.31	0.00	0.12	58919.90
1.04	0.87	9.68	0.19	-0.06	0.25	58919.92
0.95	0.94	9.77	0.12	-0.06	0.25	58919.94
1.02	0.91	9.68	0.69	-0.56	0.63	58919.96
0.95	0.99	9.72	0.56	-0.44	0.19	58919.98
1.03	0.86	9.68	0.37	0.25	0.06	58920.00
1.00	1.00	9.69	0.00	0.19	0.00	58920.02
1.03	0.86	9.69	0.31	0.00	0.25	58920.04
0.90	1.00	9.66	0.50	-0.06	0.25	58920.06
0.97	0.94	9.74	0.25	-0.06	0.12	58920.08
1.01	1.00	9.67	-0.12	0.06	-0.12	58920.10
1.01	0.88	9.64	0.06	-0.06	0.12	58920.12
0.99	0.91	9.74	-0.06	0.19	0.00	58920.14
0.96	0.93	9.71	0.00	0.19	0.06	58920.16
1.01	0.89	9.71	-0.06	0.19	0.12	58920.18
0.99	0.90	9.72	0.12	0.00	0.06	58920.20
1.02	0.87	9.63	0.50	1.00	-0.69	58920.22
1.00	1.00	9.73	1.00	2.13	-1.00	58920.24
0.96	0.96	9.73	-0.06	0.19	0.31	58920.26
0.95	1.04	9.81	-0.44	-0.63	0.19	58920.28
0.99	0.89	9.65	0.19	0.06	0.06	58920.30
0.93	1.00	9.78	-0.12	0.06	-0.06	58920.32
1.00	0.90	9.71	1.25	0.25	-0.12	58920.34
1.01	0.84	9.66	1.12	-0.44	0.25	58920.36
0.91	0.99	9.76	1.12	-1.31	0.94	58920.38
0.95	1.08	9.79	0.31	-0.12	0.06	58920.40
0.99	0.93	9.63	0.44	0.44	-0.06	58920.42
1.01	1.00	9.76	0.44	0.56	-0.31	58920.44
1.00	0.96	9.70	0.06	-0.12	0.12	58920.46
0.95	1.02	9.74	0.06	0.06	0.06	58920.48
1.01	0.92	9.67	0.31	0.12	0.12	58920.50
0.94	0.99	9.72	0.44	-0.44	0.50	58920.52
1.00	0.97	9.69	0.12	-0.06	0.06	58920.54
0.99	0.94	9.66	0.25	0.56	-0.06	58920.56
0.94	0.98	9.73	0.31	0.44	-0.06	58920.58
0.95	1.01	9.78	0.12	-0.06	0.31	58920.60
0.98	0.98	9.72	0.00	0.12	-0.12	58920.62
0.96	0.96	9.76	0.00	-0.06	0.12	58920.64
0.96	0.99	9.74	0.81	0.31	0.12	58920.66
0.99	0.99	9.75	0.31	0.56	-0.31	58920.68
0.95	1.05	9.73	0.25	0.19	0.00	58920.70
0.98	0.96	9.69	0.00	0.06	-0.12	58920.72
0.95	0.99	9.75	0.25	-0.06	0.19	58920.74
0.95	1.02	9.66	0.06	0.00	0.12	58920.76
0.93	0.95	9.72	0.12	0.25	0.19	58920.78
1.00	0.90	9.69	0.50	0.06	0.44	58920.80
0.96	0.90	9.67	0.06	0.31	0.00	58920.82
0.98	0.99	9.73	-0.12	0.25	0.06	58920.84
1.00	0.97	9.71	0.12	0.00	-0.06	58920.86
0.95	0.94	9.71	0.19	-0.19	0.25	58920.89
0.97	0.89	9.70	-0.19	-0.19	-0.06	58920.90
1.01	0.94	9.71	0.19	0.00	0.00	58920.93
0.98	0.92	9.72	0.81	-0.50	0.75	58920.94
0.98	1.06	9.70	1.06	-0.56	0.81	58920.97
0.96	1.00	9.72	0.69	1.06	-0.37	58920.98
0.99	0.94	9.73	1.19	0.88	-0.19	58921.01
0.96	1.01	9.73	0.19	-0.75	0.56	58921.02
0.95	1.00	9.72	-0.06	0.12	0.00	58921.05
0.91	1.03	9.73	-0.06	0.00	0.00	58921.06
1.01	0.96	9.71	-0.06	0.12	-0.06	58921.09
1.00	0.95	9.72	0.12	-0.06	0.00	58921.11
1.01	0.91	9.67	0.00	0.00	0.12	58921.13
0.97	1.02	9.77	0.31	-0.06	0.19	58921.15
0.99	0.95	9.66	0.00	0.25	0.00	58921.17
1.03	0.91	9.72	0.12	0.19	0.00	58921.19
1.00	0.98	9.79	0.37	0.63	-0.12	58921.21
1.00	0.96	9.70	0.00	0.19	0.06	58921.23
0.92	1.04	9.76	0.37	-0.19	0.31	58921.25
1.00	1.03	9.71	0.12	-0.06	0.06	58921.27
1.00	0.90	9.69	0.25	0.00	0.12	58921.29
0.98	0.91	9.67	0.06	0.00	0.12	58921.31
0.96	1.07	9.70	0.00	-0.12	0.19	58921.33
1.01	0.93	9.70	0.12	0.00	0.06	58921.35
0.96	0.97	9.70	-0.25	0.06	-0.06	58921.37
0.98	0.98	9.72	0.12	-0.06	0.19	58921.39
0.98	0.97	9.67	0.06	0.19	0.00	58921.41
0.98	0.95	9.68	0.50	0.63	0.12	58921.43
0.99	0.98	9.73	0.00	0.37	-0.06	58921.45
0.99	1.01	9.70	0.19	0.00	0.12	58921.47
1.00	0.96	9.73	0.19	0.25	-0.06	58921.49
0.99	1.03	9.74	-0.12	0.06	-0.12	58921.51
0.96	1.00	9.75	-0.31	0.12	-0.12	58921.53
1.00	0.97	9.77	0.06	-0.12	-0.06	58921.55
0.98	1.00	9.71	0.00	0.12	0.00	58921.57
0.98	0.94	9.69	0.25	-0.19	0.06	58921.59
0.98	0.95	9.71	0.06	0.12	0.00	58921.61
1.00	0.89	9.68	0.25	0.31	0.06	58921.63
0.97	1.02	9.72	0.50	1.44	-0.56	58921.65
0.96	0.97	9.63	0.19	0.50	-0.19	58921.67
0.98	0.98	9.78	0.75	-0.12	0.44	58921.69
1.02	0.94	9.72	0.37	-0.06	0.31	58921.71
0.98	1.04	9.76	0.06	-0.19	-0.12	58921.73
0.99	0.98	9.80	0.19	0.06	-0.31	58921.75
1.05	0.94	9.62	0.19	-0.25	-0.06	58921.77
0.93	1.01	9.76	0.12	-0.19	0.06	58921.79
0.97	0.99	9.68	0.00	-0.06	0.06	58921.81
0.97	0.98	9.68	0.06	0.06	-0.12	58921.83
0.94	1.10	9.78	0.63	0.69	-0.31	58921.85
1.00	0.98	9.71	0.12	0.19	-0.31	58921.87
0.94	1.00	9.73	0.12	-0.06	-0.06	58921.89
0.97	0.95	9.77	0.44	-0.06	0.25	58921.91
0.99	1.00	9.69	0.00	0.12	-0.06	58921.93
0.53	1.60	10.06	0.00	0.31	-0.75	58921.95
0.72	1.23	9.89	-8.06	5.81	-9.63	58921.97
0.73	1.16	9.94	-14.19	10.25	-14.63	58921.99
0.95	0.86	9.78	-16.06	10.81	-15.19	58922.01
0.04	1.81	10.39	-5.00	4.25	-6.00	58922.03
1.28	0.28	9.49	-7.88	4.88	-6.63	58922.05
0.64	0.85	9.86	-6.31	4.06	-6.19	58922.07
0.11	1.30	9.70	-12.50	9.69	-13.56	58922.09
0.74	1.40	9.82	-18.25	9.63	-27.62	58922.11
0.51	0.36	9.56	-20.25	9.00	-30.44	58922.13
1.11	0.42	9.54	-15.56	8.38	-25.06	58922.15
-0.09	0.36	10.14	-15.75	8.19	-21.19	58922.17
0.12	0.08	9.92	-15.31	14.88	-18.56	58922.19
0.39	0.14	9.63	-16.19	12.56	-10.69	58922.21
0.70	0.17	9.56	-17.25	10.19	-4.88	58922.23
0.95	0.51	9.64	-15.50	5.13	1.44	58922.26
0.59	-0.04	9.46	-11.75	1.88	4.75	58922.27
0.91	0.48	9.81	-11.63	1.37	8.56	58922.30
4.45	1.38	11.21	1.37	6.38	-0.56	58922.31
1.12	0.29	9.77	-4.50	0.00	6.44	58922.33
0.80	0.60	9.86	-3.56	-0.81	5.44	58922.35
0.55	0.28	9.76	-2.13	-0.69	3.13	58922.37
-0.11	0.06	9.48	-4.31	-1.12	5.44	58922.39
0.13	0.53	9.63	-7.13	0.50	3.63	58922.41
0.68	0.25	9.77	-7.50	-2.75	6.69	58922.44
0.91	0.54	9.91	-5.13	-1.88	4.88	58922.46
0.79	0.32	9.85	-4.00	-1.06	4.44	58922.48
0.53	0.12	9.77	-2.50	-0.69	2.81	58922.50
0.46	-0.04	9.76	-2.06	-0.50	2.25	58922.51
0.44	-0.28	9.34	-4.13	-1.12	2.94	58922.53
0.53	0.34	9.93	-9.38	7.44	-4.19	58922.55
0.33	0.36	9.82	-6.81	3.00	-3.06	58922.57
0.63	0.01	9.82	-4.94	-0.50	0.50	58922.60
0.39	-0.12	9.80	-3.31	0.00	0.50	58922.62
0.80	-0.70	9.38	-4.75	2.31	-2.56	58922.64
0.59	-0.01	9.74	-8.25	4.19	-5.25	58922.66
0.45	-0.34	9.71	-7.56	-0.56	-2.75	58922.67
0.31	0.11	9.92	-4.81	-0.69	-0.50	58922.69
0.25	-0.02	9.75	-3.00	-2.00	0.12	58922.71
0.71	-0.19	9.68	-1.81	1.63	-1.81	58922.73
0.40	-0.12	9.78	-4.38	5.75	-5.75	58922.76
0.26	0.42	9.94	-7.31	1.94	-4.38	58922.78
0.46	0.10	9.77	-6.38	-3.63	-1.06	58922.80
0.35	-0.03	9.91	-4.31	-2.44	-0.50	58922.82
0.45	-0.19	9.72	-3.00	-1.63	-0.81	58922.84
0.64	-0.26	9.64	-4.38	-0.44	-1.63	58922.85
0.27	0.19	9.96	-5.13	7.31	-7.13	58922.87
0.37	-0.20	9.75	-3.56	0.19	-1.94	58922.89
0.41	-0.15	9.78	-4.13	1.06	-2.56	58922.91
0.17	-0.19	9.66	-3.69	0.50	-1.81	58922.94
0.67	-0.43	9.68	-4.69	-1.06	0.44	58922.96
0.50	-0.33	9.68	-3.44	2.31	-1.19	58922.98
0.40	-0.22	9.81	-2.31	1.88	-0.81	58923.00
0.53	-0.25	9.77	-1.44	2.38	-1.12	58923.02
0.44	-0.23	9.71	-1.50	-0.56	0.63	58923.04
0.44	-0.27	9.81	-1.50	-0.31	0.69	58923.06
0.44	-0.22	9.70	-2.63	4.13	-1.94	58923.08
0.23	-0.33	9.66	-3.06	1.25	0.00	58923.10
0.31	-0.21	9.81	-2.25	1.56	-0.44	58923.12
0.43	-0.15	9.71	-1.31	-0.56	0.81	58923.14
0.41	-0.56	9.67	-0.69	0.12	0.00	58923.16
0.27	-0.20	9.76	-1.19	4.31	-2.56	58923.18
0.43	-0.26	9.72	-2.31	-1.56	1.50	58923.20
0.35	-0.22	9.83	-1.50	-1.06	1.06	58923.22
0.36	-0.30	9.70	-1.12	-0.94	0.88	58923.24
0.23	-0.30	9.68	-1.50	-1.25	1.12	58923.26
0.65	-0.54	9.58	-1.25	1.75	-0.81	58923.28
0.35	-0.23	9.82	-0.56	4.69	-2.81	58923.30
0.28	0.00	9.95	-0.37	0.50	-0.44	58923.32
0.39	-0.28	9.78	-0.31	-0.37	0.31	58923.34
0.29	-0.27	9.78	-0.63	-0.63	0.50	58923.36
0.35	-0.33	9.75	-0.12	-0.06	0.12	58923.38
0.40	-0.27	9.83	-0.31	-0.19	0.25	58923.40
0.34	-0.28	9.74	0.00	0.06	0.06	58923.42
0.33	-0.31	9.69	-0.25	-0.19	0.12	58923.44
0.32	-0.34	9.74	-0.69	-0.50	0.44	58923.46
0.41	-0.29	9.73	-0.88	-0.37	0.63	58923.48
0.31	-0.32	9.73	-0.81	-0.50	0.50	58923.50
0.45	-0.24	9.74	-0.50	-0.12	0.19	58923.52
0.38	-0.26	9.78	-0.12	0.06	0.00	58923.54
0.36	-0.30	9.83	0.00	0.00	0.12	58923.56
0.35	-0.28	9.70	0.00	-0.25	0.19	58923.58
0.33	-0.21	9.83	-0.06	-1.31	0.69	58923.60
0.38	-0.30	9.74	-0.31	-0.63	0.44	58923.62
0.40	-0.28	9.73	-0.12	-0.19	0.12	58923.64
0.37	-0.32	9.74	-0.06	-0.06	0.00	58923.66
0.36	-0.30	9.69	-0.06	-0.12	0.06	58923.68
0.37	-0.26	9.77	0.00	-0.06	-0.12	58923.70
0.42	-0.28	9.82	0.44	0.25	-0.19	58923.72
0.38	-0.31	9.76	0.50	0.37	-0.31	58923.74
0.40	-0.29	9.72	0.63	0.63	-0.56	58923.76
0.39	-0.33	9.72	0.44	0.37	-0.31	58923.78
0.35	-0.23	9.84	0.44	-0.06	-0.19	58923.80
0.41	-0.31	9.70	0.37	-0.88	0.50	58923.82
0.38	-0.32	9.75	0.12	0.00	-0.12	58923.84
0.45	-0.32	9.76	0.31	0.06	0.06	58923.86
0.40	-0.29	9.73	0.12	0.12	-0.06	58923.88
0.36	-0.28	9.78	0.12	0.06	0.06	58923.90
0.26	0.04	9.98	-0.12	-3.69	2.31	58923.92
0.37	-0.20	9.82	-0.06	-4.00	2.19	58923.94
0.47	-0.33	9.72	0.19	-0.75	0.44	58923.96
0.43	-0.33	9.74	0.06	-0.12	0.06	58923.98
0.39	-0.27	9.76	0.12	0.06	-0.06	58924.00
0.53	-0.20	9.83	1.75	1.12	-1.19	58924.02
0.51	-0.24	9.78	2.88	1.50	-1.88	58924.04
0.44	-0.28	9.77	1.37	0.69	-0.75	58924.06
0.37	-0.29	9.72	1.00	0.25	-0.56	58924.08
0.37	-0.26	9.79	0.31	0.06	-0.12	58924.10
0.25	0.13	9.86	1.44	-1.31	0.25	58924.12
0.41	-0.26	9.80	2.75	-5.44	2.44	58924.14
0.42	-0.35	9.70	1.88	-1.25	0.19	58924.17
0.44	-0.34	9.70	1.12	0.00	-0.25	58924.18
0.36	-0.23	9.73	0.50	0.44	-0.50	58924.21
0.36	-0.21	9.82	0.12	0.94	-0.56	58924.22
0.42	-0.10	9.87	1.12	-0.37	-0.19	58924.25
0.60	-0.74	9.43	2.19	-5.50	2.19	58924.26
0.52	-0.28	9.63	0.88	-0.63	0.12	58924.28
0.40	-0.11	9.82	0.12	-0.19	-0.06	58924.30
0.31	-0.13	9.80	0.00	-0.06	-0.12	58924.33
0.52	-0.27	9.85	0.19	0.19	-0.06	58924.35
0.44	-0.13	9.84	1.69	-1.31	-0.19	58924.37
0.32	-0.13	9.75	2.69	-1.81	0.31	58924.39
0.50	-0.23	9.75	2.25	0.12	-0.69	58924.41
0.48	-0.21	9.77	2.13	0.81	-1.44	58924.43
0.46	-0.22	9.76	0.75	0.06	-0.19	58924.45
0.36	-0.23	9.83	0.31	0.12	0.00	58924.47
0.29	-0.13	9.83	2.19	-2.31	2.94	58924.49
0.56	-0.78	9.49	3.94	-0.69	3.63	58924.51
0.42	-0.13	9.73	3.81	0.63	2.38	58924.53
0.52	-0.17	9.66	2.19	-0.25	2.00	58924.55
0.33	0.00	9.87	1.25	0.06	1.31	58924.57
0.55	-0.15	9.74	1.00	-2.88	2.75	58924.59
0.63	-0.15	9.75	3.00	-2.56	2.56	58924.61
0.40	-0.35	9.77	2.69	0.44	0.19	58924.63
0.45	-0.16	9.71	1.75	1.12	-0.81	58924.65
0.47	-0.12	9.74	1.88	1.44	-0.81	58924.67
0.28	-0.12	9.83	0.75	1.06	-1.00	58924.69
0.36	-0.08	9.81	1.44	0.63	0.69	58924.71
0.65	-0.41	9.60	2.38	-2.31	3.13	58924.73
0.45	0.02	9.72	1.81	-0.31	1.50	58924.75
0.72	-0.07	9.80	1.44	0.63	0.25	58924.77
0.45	0.00	9.73	1.50	0.81	-0.81	58924.79
0.42	-0.13	9.78	0.75	0.37	-0.50	58924.81
0.41	0.23	10.03	2.81	-2.88	3.25	58924.83
0.57	-0.10	9.77	4.56	-0.63	3.00	58924.85
0.38	-0.16	9.69	3.25	-0.75	2.13	58924.87
0.58	0.03	9.71	2.19	0.69	1.31	58924.89
0.38	0.12	9.96	1.19	0.50	0.69	58924.91
0.53	0.21	9.94	2.88	-1.63	1.94	58924.93
0.48	0.08	9.80	3.06	0.63	0.06	58924.95
0.44	0.01	9.77	2.88	0.44	0.00	58924.97
0.62	-0.11	9.67	3.19	1.44	-0.56	58924.99
0.34	0.10	9.83	1.50	0.50	0.12	58925.01
0.45	0.07	9.85	0.31	-1.81	1.37	58925.03
0.60	-0.01	9.71	1.88	-1.63	1.94	58925.05
0.47	0.04	9.73	2.13	0.31	0.81	58925.07
0.52	0.07	9.73	0.75	0.31	0.19	58925.09
0.50	0.02	9.74	0.25	-0.06	0.06	58925.11
0.43	0.00	9.80	0.88	0.31	0.12	58925.13
0.45	0.12	9.77	2.31	-1.06	1.37	58925.15
0.41	-0.06	9.74	2.19	-1.56	2.00	58925.17
0.51	0.02	9.78	1.31	1.00	0.44	58925.19
0.50	0.10	9.83	0.44	0.12	1.00	58925.21
0.46	0.19	9.84	1.19	-2.19	2.13	58925.23
0.64	-0.07	9.70	2.56	0.06	0.31	58925.25
0.57	0.04	9.80	1.81	0.88	-0.37	58925.27
0.53	0.04	9.71	1.50	1.25	-1.19	58925.29
0.49	0.06	9.80	0.44	0.63	-0.63	58925.31
0.47	0.11	9.80	1.06	0.69	0.25	58925.33
0.52	0.27	9.88	2.75	-2.00	2.63	58925.35
0.60	0.10	9.78	2.69	-0.69	1.44	58925.37
0.53	0.11	9.72	1.94	0.81	0.25	58925.39
0.53	0.10	9.78	1.44	0.75	0.00	58925.41
0.41	0.13	9.76	0.50	0.12	-0.12	58925.43
0.40	0.00	9.89	0.75	-1.50	0.75	58925.45
0.39	-0.02	9.81	2.31	-0.88	-0.31	58925.47
0.52	0.22	9.74	1.37	-0.12	-0.63	58925.49
0.46	0.17	9.74	1.44	0.31	-0.56	58925.51
0.36	0.05	9.80	0.69	0.12	0.37	58925.53
0.50	0.11	9.73	0.19	-0.25	0.25	58925.55
0.56	0.01	9.85	0.63	-1.37	0.94	58925.57
0.54	0.14	9.76	2.19	-0.25	-0.81	58925.59
0.64	0.12	9.77	2.38	0.44	-1.50	58925.62
0.55	0.15	9.72	1.75	0.81	-1.69	58925.63
0.47	0.19	9.76	1.00	0.25	-0.94	58925.66
0.59	-0.18	9.68	0.56	-1.81	0.56	58925.67
0.56	0.13	9.79	1.06	-1.44	-1.19	58925.69
0.47	0.20	9.75	0.75	-1.19	-0.81	58925.71
0.53	0.21	9.69	0.37	-0.56	-0.31	58925.73
0.56	0.20	9.77	0.12	-0.50	-0.31	58925.76
0.49	0.18	9.79	0.25	-0.19	-0.25	58925.78
0.62	0.08	9.71	0.31	-1.75	-0.37	58925.80
0.52	0.27	9.71	1.31	-1.44	-0.06	58925.82
0.49	0.21	9.78	1.37	0.12	-0.44	58925.83
0.47	0.09	9.72	0.44	0.25	0.06	58925.85
0.50	0.21	9.86	0.12	-0.19	0.31	58925.87
0.52	0.26	9.78	0.56	-1.56	0.75	58925.89
0.54	0.08	9.73	1.56	-1.06	-0.44	58925.91
0.52	0.20	9.77	1.50	-0.25	-1.31	58925.94
0.53	0.22	9.75	0.88	-0.63	-1.44	58925.96
0.60	0.17	9.75	0.19	-0.56	-0.37	58925.98
0.57	0.13	9.73	-0.06	-0.12	-0.06	58926.00
0.46	0.17	9.77	0.25	-0.06	0.06	58926.01
0.57	0.28	9.76	0.88	-0.88	0.75	58926.03
0.50	0.15	9.77	1.37	0.37	0.31	58926.05
0.50	0.16	9.78	1.37	0.81	-0.50	58926.07
0.51	0.23	9.75	0.56	0.12	-0.06	58926.10
0.55	0.20	9.78	-0.12	-0.37	0.19	58926.12
0.56	0.19	9.68	0.25	-2.06	1.25	58926.14
0.58	0.05	9.72	0.69	-2.31	0.06	58926.16
0.55	0.14	9.73	1.56	-0.19	-1.75	58926.17
0.57	0.19	9.70	1.06	0.31	-1.31	58926.19
0.58	0.20	9.85	0.56	0.12	-0.12	58926.21
0.56	0.10	9.82	0.37	-0.88	0.06	58926.23
0.63	0.25	9.67	0.63	-1.50	0.00	58926.26
0.64	0.26	9.78	1.06	0.37	0.19	58926.28
0.53	0.25	9.73	1.31	0.94	-0.75	58926.30
0.58	0.24	9.77	0.56	0.25	-0.19	58926.32
0.51	0.21	9.69	0.06	0.06	-0.12	58926.34
0.58	0.17	9.77	0.06	-0.12	0.19	58926.36
0.05	-0.24	9.50	0.69	-0.75	0.12	58926.38
0.78	0.43	9.51	0.31	-0.06	0.44	58926.40
0.78	0.48	9.81	0.31	0.00	0.25	58926.41
0.02	0.02	9.91	0.31	-0.25	-0.31	58926.44
0.60	0.06	9.74	-0.19	-1.06	-0.94	58926.46
0.38	-0.01	9.76	1.50	-1.19	-0.81	58926.48
0.51	-0.02	9.70	1.19	-0.19	-1.37	58926.50
0.53	0.19	9.80	0.00	-0.19	-0.25	58926.52
0.69	0.42	9.77	0.06	-0.06	0.12	58926.54
0.45	0.15	9.73	0.19	0.19	0.06	58926.56
0.73	0.29	9.73	1.12	0.63	-0.25	58926.58
0.58	0.20	9.69	1.25	0.56	-0.88	58926.60
0.42	0.24	9.79	0.69	0.25	-0.81	58926.62
0.57	0.27	9.74	0.00	-0.06	-0.19	58926.64
0.62	0.33	9.77	-0.44	-1.50	1.25	58926.66
0.62	0.13	9.80	0.25	-1.88	1.06	58926.68
0.67	0.23	9.72	0.44	-0.37	0.19	58926.70
0.55	0.23	9.73	0.44	0.00	0.06	58926.72
0.53	0.24	9.79	0.19	-0.06	0.06	58926.74
0.62	0.28	9.76	0.12	-0.06	-0.06	58926.76
0.61	0.28	9.81	0.19	0.19	-0.25	58926.78
0.77	0.22	9.77	0.19	-0.75	0.00	58926.80
0.61	0.31	9.77	0.50	-0.31	-0.44	58926.82
0.57	0.21	9.72	0.00	-0.25	0.19	58926.84
0.62	0.23	9.76	-0.12	-0.25	0.25	58926.86
0.64	0.30	9.76	0.25	0.19	-0.06	58926.88
0.65	0.23	9.72	-0.06	-0.50	0.31	58926.90
0.65	0.20	9.77	0.00	-0.63	-0.31	58926.92
0.61	0.22	9.71	-0.06	-0.37	-0.19	58926.94
0.64	0.24	9.74	0.12	-0.06	-0.19	58926.96
0.63	0.24	9.83	0.12	0.19	-0.19	58926.98
0.56	0.27	9.76	0.12	0.06	-0.06	58927.00
0.60	0.30	9.86	-0.19	-1.75	0.94	58927.02
0.74	0.19	9.78	0.50	-0.69	0.37	58927.04
0.61	0.30	9.74	-0.12	-0.19	0.50	58927.06
0.67	0.23	9.77	-0.19	-0.25	0.44	58927.08
0.56	0.20	9.70	0.25	0.56	-0.12	58927.10
0.63	0.21	9.78	0.50	0.19	-0.37	58927.12
0.64	0.31	9.80	1.12	0.12	-1.12	58927.14
0.63	0.23	9.76	0.25	-0.31	-0.50	58927.16
0.65	0.25	9.83	0.06	-0.44	-0.19	58927.18
0.77	0.39	9.74	-0.12	-2.50	1.25	58927.20
0.59	0.18	9.80	0.63	-0.94	0.25	58927.22
0.64	0.23	9.73	0.31	-0.75	0.00	58927.24
0.64	0.27	9.70	-0.19	-0.19	0.00	58927.26
0.99	0.36	9.88	0.19	0.06	-0.37	58927.28
0.82	0.29	9.83	3.75	2.00	-4.50	58927.30
0.77	0.31	9.82	3.63	2.19	-4.31	58927.32
0.75	0.22	9.85	4.25	2.19	-4.38	58927.34
0.41	0.29	9.72	2.25	2.00	-2.50	58927.36
0.26	0.27	9.74	1.63	1.56	-1.69	58927.38
0.78	0.26	9.78	1.37	-0.37	-0.75	58927.40
0.91	0.32	9.86	3.88	1.63	-3.81	58927.42
0.57	0.28	9.73	4.06	2.13	-4.19	58927.44
0.37	0.21	9.72	3.31	2.19	-3.50	58927.46
0.39	0.18	9.83	2.38	1.50	-2.25	58927.48
0.45	0.33	9.71	1.25	-1.19	0.12	58927.50
0.57	0.22	9.71	3.00	0.88	-2.50	58927.52
0.76	0.57	9.83	3.75	2.00	-4.25	58927.54
0.57	0.49	9.70	2.69	1.44	-3.44	58927.56
0.66	0.38	9.75	2.56	1.69	-2.88	58927.58
0.59	0.37	9.74	1.94	0.81	-1.69	58927.61
0.74	0.30	9.77	4.13	-0.31	-1.19	58927.62
0.48	0.20	9.65	6.63	-3.06	1.88	58927.65
0.53	0.29	9.63	7.50	-3.06	2.88	58927.67
0.43	0.43	9.79	5.50	-1.50	1.12	58927.69
0.54	0.52	9.77	3.19	-0.81	-0.50	58927.71
0.76	0.66	9.74	2.81	-0.44	-1.25	58927.73
0.46	0.57	9.83	3.00	-0.19	-0.75	58927.75
0.49	0.47	9.74	2.31	-0.37	0.12	58927.77
0.53	0.56	9.83	1.44	-0.25	-0.06	58927.79
0.52	0.50	9.71	0.88	-0.12	0.00	58927.81
0.62	0.57	9.76	0.44	0.06	-0.31	58927.83
0.78	0.64	9.72	1.63	0.37	0.06	58927.85
0.56	0.60	9.72	1.00	0.31	1.06	58927.87
0.61	0.53	9.70	1.00	0.31	0.69	58927.89
0.57	0.54	9.75	0.81	0.19	0.31	58927.91
0.51	0.52	9.82	0.25	0.44	0.06	58927.93
0.56	0.59	9.82	0.37	0.81	0.19	58927.95
0.54	0.59	9.72	0.56	0.81	0.63	58927.97
0.77	0.47	9.78	0.37	0.12	0.75	58927.99
0.55	0.41	9.74	-0.75	0.63	1.75	58928.01
0.56	0.57	9.76	-0.31	0.44	0.63	58928.03
0.74	0.47	9.72	-0.31	0.69	0.81	58928.05
0.55	0.59	9.68	-0.12	1.44	1.31	58928.07
0.55	0.47	9.81	0.44	1.63	1.19	58928.09
0.61	0.49	9.75	0.75	0.81	0.88	58928.11
0.52	0.60	9.82	0.56	0.81	0.63	58928.13
0.57	0.59	9.72	0.37	0.69	1.00	58928.15
0.54	0.53	9.77	0.44	0.88	1.00	58928.17
0.61	0.56	9.71	0.44	0.88	0.63	58928.19
0.56	0.58	9.72	0.19	0.69	0.25	58928.21
0.51	0.54	9.83	0.12	0.31	0.19	58928.23
0.56	0.55	9.79	0.19	0.56	0.37	58928.25
0.60	0.54	9.78	0.37	0.56	0.25	58928.27
0.58	0.55	9.79	0.12	0.25	0.56	58928.29
0.53	0.57	9.77	0.12	0.19	0.25	58928.31
0.57	0.53	9.80	0.12	-0.12	0.12	58928.33
0.53	0.53	9.77	0.12	-0.06	0.12	58928.35
0.54	0.54	9.70	0.31	0.75	0.50	58928.37
0.56	0.63	9.78	0.19	0.63	0.44	58928.39
0.61	0.60	9.73	0.19	0.69	0.56	58928.41
0.58	0.51	9.79	0.00	0.19	0.44	58928.43
0.52	0.49	9.80	0.12	-0.12	0.12	58928.45
0.51	0.56	9.77	0.00	0.25	0.37	58928.47
0.51	0.54	9.77	0.12	0.44	0.37	58928.49
0.56	0.60	9.75	0.25	0.19	0.37	58928.51
0.57	0.49	9.78	0.19	0.50	0.37	58928.53
0.56	0.55	9.78	0.00	0.12	0.19	58928.55
0.54	0.54	9.73	0.00	0.12	0.12	58928.57
0.49	0.57	9.80	0.06	0.06	0.06	58928.59
0.56	0.55	9.75	-0.12	0.37	0.31	58928.61
0.55	0.49	9.73	0.06	0.63	0.31	58928.63
0.51	0.53	9.83	0.00	0.44	0.37	58928.65
0.47	0.57	9.72	-0.31	0.06	0.31	58928.67
0.55	0.54	9.74	0.00	0.12	0.19	58928.69
0.46	0.51	9.74	0.00	-0.25	0.00	58928.71
0.52	0.55	9.79	0.00	-0.12	-0.06	58928.73
0.53	0.56	9.79	0.00	-0.12	0.00	58928.75
0.50	0.53	9.72	0.00	-0.19	-0.06	58928.77
0.66	0.54	9.81	-0.06	0.00	0.00	58928.79
0.57	0.55	9.71	-0.50	0.06	0.44	58928.81
0.49	0.53	9.78	-0.63	0.19	0.81	58928.83
0.55	0.58	9.79	-0.31	0.37	0.37	58928.85
0.51	0.62	9.75	-0.19	-0.12	0.25	58928.87
0.53	0.52	9.74	0.19	0.12	-0.25	58928.89
0.63	0.49	9.74	-0.12	0.00	0.00	58928.91
0.52	0.53	9.78	-0.37	0.19	0.44	58928.93
0.47	0.58	9.80	-0.37	0.31	0.50	58928.95
0.46	0.60	9.72	-0.12	0.00	0.12	58928.98
0.56	0.53	9.81	0.12	0.00	-0.12	58928.99
0.56	0.49	9.78	0.19	0.00	-0.25	58929.01
0.52	0.57	9.79	0.06	-0.25	0.31	58929.03
0.54	0.52	9.78	0.75	-0.88	0.88	58929.05
0.52	0.59	9.75	0.19	-1.81	0.56	58929.07
0.65	0.64	9.74	0.81	-1.00	0.75	58929.10
0.51	0.54	9.71	1.19	-1.50	-0.37	58929.12
0.58	0.48	9.81	1.19	-1.06	0.56	58929.14
0.51	0.65	9.79	1.31	-1.12	0.69	58929.16
0.43	0.50	9.82	1.25	-0.44	0.88	58929.17
0.63	0.65	9.79	0.63	-0.31	0.37	58929.19
0.65	0.62	9.75	0.31	0.06	-0.06	58929.21
0.51	0.52	9.81	0.19	0.12	-0.31	58929.23
0.60	0.57	9.69	0.00	-0.25	-0.56	58929.26
0.56	0.61	9.72	-0.12	-0.44	-0.69	58929.28
0.53	0.51	9.78	0.00	-0.12	-0.50	58929.30
0.55	0.55	9.74	0.19	0.19	-0.31	58929.32
0.59	0.61	9.80	0.00	-0.06	-0.25	58929.33
0.60	0.60	9.72	0.12	-0.06	-0.31	58929.35
0.56	0.55	9.76	0.12	-0.31	-0.31	58929.37
0.58	0.54	9.79	0.12	-0.06	-0.37	58929.39
0.55	0.55	9.73	0.00	0.00	-0.25	58929.41
0.58	0.57	9.76	0.19	0.06	-0.31	58929.44
0.57	0.59	9.78	0.00	-0.06	-0.31	58929.46
0.56	0.58	9.73	0.06	-0.12	-0.25	58929.48
0.58	0.55	9.79	0.06	-0.06	-0.37	58929.50
0.58	0.57	9.69	0.37	0.06	-0.31	58929.51
0.56	0.57	9.82	0.12	-0.06	-0.06	58929.53
0.56	0.54	9.72	0.06	0.06	-0.31	58929.55
0.56	0.57	9.74	0.19	-0.31	-0.31	58929.57
0.58	0.48	9.73	0.37	-0.37	0.06	58929.60
0.55	0.58	9.73	1.37	-0.25	0.69	58929.62
0.57	0.57	9.78	0.81	-0.25	0.50	58929.64
0.56	0.54	9.72	0.19	0.00	-0.19	58929.66
0.57	0.57	9.73	0.25	-0.12	-0.25	58929.68
0.62	0.56	9.79	0.12	-0.56	-0.63	58929.69
0.61	0.51	9.77	-0.12	0.00	-0.44	58929.72
0.52	0.54	9.82	0.06	-0.44	-0.50	58929.73
0.52	0.55	9.82	0.44	-0.31	-0.31	58929.76
0.56	0.59	9.77	0.12	-0.31	-0.31	58929.78
0.54	0.55	9.74	0.25	0.12	-0.37	58929.80
0.57	0.58	9.70	0.00	-0.25	-0.25	58929.82
0.56	0.53	9.77	0.12	0.06	-0.56	58929.84
0.56	0.56	9.79	0.19	-0.06	-0.19	58929.86
0.58	0.59	9.79	0.25	0.00	-0.19	58929.88
0.58	0.61	9.79	0.06	0.12	-0.37	58929.90
0.61	0.57	9.75	0.25	0.06	-0.19	58929.92
0.61	0.58	9.80	0.12	-0.25	-0.31	58929.94
0.57	0.61	9.79	0.12	-0.19	-0.37	58929.96
0.60	0.56	9.72	0.12	0.00	-0.63	58929.98
0.58	0.55	9.74	0.12	0.00	-0.50	58930.00
0.62	0.57	9.75	-0.06	-0.69	-0.88	58930.02
0.54	0.55	9.79	0.06	-0.94	-1.25	58930.04
0.57	0.55	9.72	-0.06	-0.56	-0.88	58930.06
0.66	0.60	9.72	0.06	-0.12	-0.50	58930.08
0.57	0.54	9.79	0.00	-0.25	-0.31	58930.10
0.55	0.59	9.74	0.12	-0.31	-0.44	58930.12
0.56	0.55	9.79	-0.12	-0.19	-0.31	58930.14
0.61	0.59	9.69	0.06	-0.06	-0.25	58930.16
0.57	0.52	9.73	0.19	0.00	-0.19	58930.18
0.58	0.56	9.80	0.12	-0.12	-0.31	58930.20
0.60	0.54	9.69	0.37	-0.50	-0.19	58930.22
0.65	0.49	9.73	1.12	-1.31	-0.12	58930.24
0.56	0.51	9.78	1.37	-1.44	0.19	58930.26
0.56	0.57	9.74	1.56	-0.75	0.25	58930.28
0.55	0.56	9.84	1.50	-0.44	0.56	58930.30
0.59	0.59	9.70	0.63	-0.25	0.06	58930.32
0.56	0.67	9.82	-0.06	-0.44	-0.75	58930.34
0.59	0.57	9.69	-0.19	-0.19	-0.37	58930.36
0.63	0.58	9.76	0.12	0.00	-0.25	58930.38
0.63	0.55	9.75	0.19	0.12	-0.19	58930.40
0.63	0.55	9.73	0.19	0.19	-0.19	58930.42
0.61	0.56	9.81	0.06	-0.19	-0.25	58930.44
0.59	0.56	9.72	0.06	-0.31	-0.50	58930.46
0.55	0.57	9.77	0.12	-0.19	-0.37	58930.48
0.60	0.54	9.79	0.12	0.12	-0.37	58930.50
0.58	0.55	9.74	0.00	0.00	-0.37	58930.52
0.59	0.59	9.78	0.19	-0.06	-0.19	58930.54
0.67	0.65	9.73	0.12	-0.19	-0.25	58930.56
0.46	0.59	9.72	0.25	-0.50	-0.44	58930.58
0.59	0.59	9.79	-0.19	-0.56	-0.88	58930.60
0.56	0.54	9.74	0.25	-0.06	-0.31	58930.62
0.62	0.57	9.80	0.31	0.12	-0.25	58930.64
0.57	0.58	9.81	0.25	0.19	-0.19	58930.66
0.61	0.57	9.74	0.06	-0.25	-0.37	58930.68
0.56	0.57	9.72	0.12	-0.31	-0.44	58930.70
0.59	0.57	9.74	0.25	0.12	-0.06	58930.72
0.62	0.55	9.80	0.19	0.06	-0.31	58930.74
0.58	0.59	9.77	0.19	-0.06	-0.12	58930.76
0.59	0.60	9.71	0.37	-0.12	-0.19	58930.78
0.54	0.54	9.78	0.69	-0.56	0.06	58930.80
0.55	0.57	9.76	0.75	-0.19	0.19	58930.82
0.64	0.67	9.77	-0.25	-0.37	-0.31	58930.84
0.61	0.68	9.71	0.12	-0.12	-0.37	58930.86
0.59	0.54	9.75	0.00	-0.12	-0.37	58930.88
0.57	0.60	9.79	0.00	-0.19	-0.37	58930.90
0.59	0.58	9.76	0.12	-0.06	-0.12	58930.92
0.65	0.63	9.75	0.19	-0.19	-0.12	58930.94
0.62	0.64	9.78	0.12	-0.06	-0.19	58930.97
0.59	0.60	9.72	0.12	0.12	-0.31	58930.98
0.63	0.63	9.80	0.06	-0.06	-0.37	58931.01
0.66	0.62	9.74	-0.06	-0.50	-0.69	58931.02
0.61	0.66	9.75	-0.50	-0.94	-1.00	58931.05
0.57	0.60	9.72	-0.31	-0.44	-0.88	58931.06
0.55	0.48	9.75	-0.19	-0.06	-0.50	58931.09
0.62	0.63	9.77	0.25	0.12	0.00	58931.10
0.61	0.55	9.72	0.25	-0.19	0.06	58931.13
0.65	0.53	9.77	1.25	-0.37	0.56	58931.14
0.69	0.57	9.76	0.94	-0.44	0.31	58931.17
0.67	0.61	9.74	0.50	-0.06	-0.06	58931.19
0.64	0.61	9.78	0.06	-0.06	-0.25	58931.21
0.62	0.60	9.73	0.06	-0.12	-0.44	58931.23
0.66	0.61	9.74	-0.31	-0.81	-0.81	58931.25
0.63	0.59	9.71	-0.44	-0.56	-0.69	58931.27
0.65	0.55	9.73	-0.25	-0.44	-0.44	58931.29
0.61	0.57	9.83	0.00	-0.19	-0.19	58931.31
0.63	0.58	9.72	0.19	0.06	-0.19	58931.33
0.65	0.59	9.78	0.06	-0.06	-0.31	58931.35
0.67	0.60	9.79	-0.44	-0.50	-0.63	58931.37
0.64	0.57	9.80	-0.12	-0.37	-0.63	58931.39
0.67	0.60	9.83	0.06	-0.06	-0.19	58931.41
0.66	0.63	9.74	0.25	0.06	-0.12	58931.43
0.59	0.56	9.78	0.06	0.06	-0.25	58931.45
0.62	0.57	9.76	0.19	0.00	-0.31	58931.47
0.67	0.63	9.73	0.06	-0.06	-0.25	58931.49
0.59	0.58	9.77	0.06	-0.12	-0.19	58931.51
0.59	0.58	9.72	0.19	0.00	-0.31	58931.53
0.64	0.55	9.79	0.50	-0.19	-0.12	58931.55
0.58	0.55	9.81	0.75	-0.37	0.25	58931.57
0.60	0.64	9.75	0.56	-0.19	0.12	58931.59
0.64	0.60	9.74	0.12	-0.12	-0.31	58931.61
0.60	0.55	9.72	-0.06	0.00	-0.19	58931.63
0.64	0.57	9.78	-0.06	-0.19	-0.31	58931.65
0.57	0.57	9.68	-0.31	-0.56	-0.69	58931.67
0.62	0.53	9.71	-0.31	-0.12	-0.50	58931.69
0.59	0.56	9.77	0.12	-0.06	-0.19	58931.71
0.62	0.54	9.74	0.12	0.12	-0.06	58931.73
0.60	0.59	9.77	0.12	0.12	-0.06	58931.75
0.64	0.63	9.67	0.12	-0.06	-0.12	58931.77
0.65	0.56	9.75	-0.37	-0.37	-0.56	58931.79
0.62	0.56	9.79	-0.19	-0.37	-0.69	58931.81
0.67	0.52	9.74	-0.19	-0.37	-0.50	58931.83
0.64	0.61	9.82	0.31	0.19	-0.50	58931.85
0.67	0.62	9.76	0.25	-0.06	-0.75	58931.87
0.67	0.53	9.70	0.12	-0.50	-1.37	58931.89
0.69	0.48	9.79	-0.56	-1.12	-0.31	58931.91
0.65	0.58	9.74	-0.12	-0.06	-0.63	58931.93
0.63	0.63	9.81	-0.06	0.06	-0.06	58931.95
0.70	0.54	9.79	0.12	-0.12	-0.12	58931.97
0.57	0.57	9.79	0.31	0.19	-0.25	58931.99
0.58	0.56	9.78	0.19	0.19	-0.31	58932.01
0.62	0.58	9.73	0.19	0.19	-0.31	58932.03
0.64	0.62	9.78	0.19	0.06	-0.37	58932.05
0.65	0.55	9.77	0.06	-0.12	-0.12	58932.07
0.67	0.60	9.75	0.25	0.06	-0.25	58932.09
0.66	0.57	9.78	0.12	-0.25	-0.31	58932.11
0.68	0.62	9.72	0.06	-0.81	-0.44	58932.13
0.59	0.60	9.79	0.31	-0.81	-0.19	58932.15
0.61	0.62	9.77	0.56	-0.50	-0.06	58932.17
0.61	0.58	9.72	0.25	-0.31	-0.25	58932.19
0.63	0.59	9.77	0.06	-0.25	-0.19	58932.21
0.67	0.56	9.74	-0.06	0.00	-0.12	58932.23
0.64	0.57	9.79	0.12	0.06	-0.19	58932.25
0.65	0.58	9.72	0.19	0.00	-0.37	58932.27
0.64	0.59	9.72	0.06	-0.06	-0.12	58932.30
0.69	0.56	9.80	-0.12	-0.19	-0.50	58932.31
0.63	0.56	9.77	-0.25	-0.12	-0.31	58932.33
0.64	0.59	9.80	-0.06	0.06	-0.44	58932.35
0.67	0.60	9.74	0.06	-0.12	-0.19	58932.37
0.63	0.58	9.72	0.00	0.19	-0.19	58932.39
0.63	0.59	9.79	0.00	-0.31	-0.25	58932.41
0.64	0.60	9.72	-0.06	-0.19	-0.19	58932.43
0.61	0.54	9.78	-0.06	-0.12	-0.19	58932.46
0.63	0.57	9.69	0.12	0.06	-0.31	58932.47
0.66	0.57	9.72	0.19	-0.25	-0.19	58932.50
0.68	0.60	9.71	0.12	0.00	-0.25	58932.51
0.62	0.56	9.75	-0.12	-0.06	-0.44	58932.53
0.67	0.56	9.78	0.00	0.00	-0.44	58932.55
0.63	0.56	9.78	0.12	0.06	-0.19	58932.57
0.65	0.59	9.74	0.06	0.06	-0.31	58932.60
0.65	0.58	9.77	0.12	0.06	-0.25	58932.62
0.63	0.58	9.76	0.12	0.00	-0.19	58932.64
0.65	0.55	9.80	0.12	0.12	-0.19	58932.66
0.63	0.59	9.80	-0.06	-0.06	-0.25	58932.67
0.65	0.57	9.78	0.06	0.06	-0.19	58932.69
0.66	0.54	9.76	0.12	0.06	-0.19	58932.71
0.58	0.60	9.74	0.25	0.00	-0.25	58932.73
0.66	0.52	9.77	0.31	0.12	-0.31	58932.76
0.61	0.57	9.75	0.37	-0.06	-0.50	58932.78
0.65	0.61	9.78	0.19	-0.06	-0.12	58932.80
0.60	0.57	9.78	-0.19	0.06	0.00	58932.82
0.67	0.51	9.72	0.06	0.06	-0.12	58932.83
0.66	0.51	9.72	0.69	-0.44	0.06	58932.85
0.58	0.70	9.79	0.44	0.31	-0.31	58932.87
0.56	0.60	9.83	0.19	0.31	0.06	58932.89
0.61	0.57	9.73	-0.12	0.25	0.00	58932.92
0.67	0.57	9.71	-0.06	0.06	0.00	58932.94
0.64	0.54	9.72	-0.06	0.06	0.19	58932.96
0.60	0.55	9.79	-0.12	-0.12	0.31	58932.98
0.64	0.59	9.76	-0.25	0.00	0.31	58933.00
0.64	0.57	9.79	-0.19	-0.12	0.12	58933.01
0.64	0.59	9.74	-0.12	0.12	0.00	58933.04
0.64	0.57	9.78	0.00	0.00	-0.06	58933.05
0.64	0.55	9.74	-0.12	-0.06	0.06	58933.08
0.64	0.56	9.74	-0.06	0.06	0.00	58933.10
0.63	0.56	9.78	0.00	0.00	0.06	58933.12
0.64	0.57	9.74	-0.12	-0.19	-0.19	58933.14
0.68	0.59	9.78	0.00	-0.25	-0.25	58933.16
0.67	0.60	9.68	-0.19	-0.37	-0.25	58933.18
0.56	0.54	9.78	-0.50	-0.37	-0.50	58933.20
0.61	0.56	9.81	-0.25	0.37	-0.31	58933.22
0.63	0.55	9.74	0.00	0.25	0.00	58933.24
0.62	0.55	9.77	0.00	0.06	-0.06	58933.26
0.61	0.57	9.74	-0.12	0.06	0.00	58933.28
0.66	0.56	9.68	-0.06	0.25	0.06	58933.30
0.62	0.57	9.78	-0.06	0.12	0.19	58933.32
0.60	0.56	9.71	0.00	-0.12	0.06	58933.34
0.66	0.60	9.79	-0.06	0.06	0.00	58933.36
0.66	0.53	9.79	0.06	0.12	0.00	58933.38
0.66	0.61	9.71	-0.06	-0.12	0.19	58933.40
0.65	0.57	9.80	-0.25	0.06	0.00	58933.42
0.65	0.60	9.73	0.00	-0.12	0.06	58933.44
0.64	0.57	9.75	-0.12	-0.06	-0.06	58933.46
0.63	0.55	9.79	-0.06	0.06	0.12	58933.48
0.65	0.61	9.73	-0.06	0.19	-0.06	58933.50
0.64	0.56	9.80	-0.12	-0.06	-0.06	58933.52
0.62	0.57	9.77	-0.12	-0.31	-0.06	58933.54
0.64	0.58	9.77	-0.19	0.00	0.00	58933.56
0.64	0.57	9.82	0.12	0.06	-0.12	58933.58
0.64	0.56	9.72	-0.06	0.06	0.00	58933.60
0.64	0.57	9.72	-0.06	0.19	0.00	58933.62
0.63	0.55	9.71	-0.06	-0.06	-0.06	58933.64
0.63	0.55	9.81	-0.12	0.06	-0.12	58933.66
0.63	0.55	9.70	0.12	-0.06	0.06	58933.68
0.62	0.55	9.73	0.06	0.06	0.12	58933.70
0.68	0.60	9.84	0.00	0.00	0.12	58933.72
0.64	0.57	9.73	-0.31	-0.06	0.00	58933.74
0.68	0.59	9.80	-0.37	0.00	-0.31	58933.76
0.68	0.58	9.81	-0.50	-0.37	-0.44	58933.78
0.64	0.57	9.76	-0.25	-0.19	-0.06	58933.80
0.62	0.52	9.75	0.12	-0.06	0.06	58933.82
0.69	0.57	9.73	0.00	-0.06	0.06	58933.84
0.63	0.56	9.76	-0.06	-0.12	0.12	58933.86
0.64	0.56	9.79	0.00	-0.06	0.12	58933.88
0.63	0.57	9.76	0.00	-0.06	0.12	58933.90
0.63	0.57	9.80	-0.31	-0.37	0.12	58933.92
0.64	0.57	9.75	-0.06	-0.06	0.06	58933.94
0.68	0.59	9.79	0.00	0.19	0.12	58933.96
0.67	0.58	9.74	0.19	0.06	0.00	58933.98
0.65	0.57	9.72	0.06	-0.12	0.06	58934.00
0.66	0.54	9.76	0.06	-0.12	0.00	58934.02
0.66	0.57	9.72	0.56	0.75	-0.12	58934.04
0.60	0.62	9.83	0.00	0.44	-0.31	58934.06
0.65	0.57	9.81	-0.19	-0.19	0.00	58934.08
0.64	0.56	9.76	-0.12	-0.06	0.06	58934.10
0.64	0.55	9.78	-0.12	-0.12	0.06	58934.12
0.58	0.53	9.75	-0.06	0.00	-0.12	58934.14
0.67	0.60	9.76	-0.19	-0.12	-0.19	58934.16
0.69	0.65	9.67	-0.44	-0.44	-0.44	58934.18
0.65	0.56	9.76	-0.50	-0.31	-0.37	58934.20
0.64	0.55	9.79	-0.19	0.06	-0.12	58934.22
0.62	0.51	9.71	-0.19	0.06	0.12	58934.24
0.69	0.60	9.75	-0.06	-0.06	-0.06	58934.26
0.67	0.58	9.69	0.00	0.12	-0.06	58934.29
0.64	0.57	9.75	0.06	-0.25	0.06	58934.30
0.65	0.59	9.81	0.06	-0.06	0.06	58934.33
0.67	0.56	9.74	0.06	-0.19	0.00	58934.34
0.67	0.59	9.76	0.00	0.06	-0.06	58934.37
0.67	0.55	9.78	0.00	0.00	0.25	58934.38
0.67	0.59	9.72	-0.06	0.06	0.00	58934.41
0.64	0.56	9.77	0.19	0.00	0.00	58934.42
0.61	0.52	9.70	-0.06	-0.12	0.12	58934.45
0.62	0.56	9.78	0.44	-0.37	0.31	58934.47
0.68	0.58	9.67	0.69	-0.37	0.75	58934.49
0.65	0.60	9.75	0.25	-0.31	0.31	58934.51
0.64	0.54	9.74	-0.12	-0.31	0.06	58934.53
0.62	0.55	9.73	-0.06	-0.12	-0.06	58934.55
0.57	0.57	9.79	0.12	0.12	-0.12	58934.57
0.62	0.54	9.80	0.00	-0.12	0.06	58934.59
0.61	0.54	9.72	-0.06	0.06	0.06	58934.61
0.68	0.57	9.77	0.00	-0.06	0.12	58934.63
0.67	0.58	9.77	0.00	-0.25	0.06	58934.65
0.67	0.56	9.78	0.06	-0.12	0.12	58934.67
0.65	0.55	9.78	0.06	-0.12	0.00	58934.69
0.63	0.57	9.76	0.00	-0.12	0.00	58934.71
0.64	0.57	9.78	0.06	-0.06	0.12	58934.73
0.67	0.58	9.73	-0.12	-0.06	0.06	58934.75
0.67	0.56	9.76	0.06	0.06	-0.06	58934.77
0.65	0.56	9.77	0.06	0.06	0.19	58934.79
0.66	0.56	9.71	0.00	-0.19	0.06	58934.81
0.58	0.57	9.77	-0.19	-0.25	0.00	58934.83
0.63	0.48	9.77	0.06	0.19	-0.12	58934.85
0.66	0.62	9.76	0.06	0.19	-0.12	58934.87
0.66	0.58	9.75	0.00	0.00	0.00	58934.89
0.67	0.56	9.75	0.00	-0.06	0.06	58934.91
0.66	0.56	9.77	-0.12	-0.19	0.06	58934.93
0.65	0.54	9.70	0.06	-0.06	0.12	58934.95
0.64	0.56	9.79	-0.06	0.06	0.00	58934.97
0.66	0.56	9.72	-0.06	0.00	0.12	58934.99
0.65	0.59	9.75	0.06	-0.06	0.12	58935.01
0.64	0.57	9.81	0.12	0.06	-0.06	58935.03
0.66	0.56	9.75	0.00	0.00	0.12	58935.05
0.62	0.57	9.77	0.00	0.00	0.19	58935.07
0.64	0.56	9.77	-0.12	-0.06	0.25	58935.09
0.64	0.54	9.72	-0.12	0.00	0.06	58935.11
0.65	0.57	9.79	0.00	-0.06	0.06	58935.13
0.66	0.57	9.70	0.00	0.00	-0.06	58935.15
0.67	0.58	9.77	0.06	-0.12	0.06	58935.17
0.67	0.53	9.80	0.06	-0.06	0.06	58935.19
0.64	0.55	9.77	-0.12	-0.19	0.06	58935.21
0.62	0.57	9.79	-0.06	0.06	0.06	58935.23
0.64	0.56	9.76	-0.06	-0.19	-0.06	58935.25
0.66	0.57	9.75	-0.06	-0.06	-0.12	58935.27
0.67	0.56	9.71	-0.12	0.00	0.19	58935.29
0.67	0.55	9.73	-0.12	-0.06	0.12	58935.31
0.65	0.58	9.78	-0.12	0.00	0.12	58935.33
0.61	0.57	9.72	0.06	-0.19	0.06	58935.35
0.62	0.56	9.79	0.06	0.12	0.12	58935.37
0.63	0.57	9.78	0.00	0.31	0.19	58935.39
0.66	0.57	9.74	-0.12	-0.06	0.06	58935.41
0.64	0.58	9.74	0.00	0.00	0.06	58935.43
0.67	0.55	9.72	0.00	-0.06	-0.19	58935.45
0.65	0.53	9.75	0.06	-0.06	0.00	58935.47
0.61	0.54	9.74	-0.12	-0.12	0.00	58935.49
0.63	0.54	9.73	-0.06	0.00	0.12	58935.51
0.64	0.55	9.80	0.00	0.00	0.12	58935.53
0.65	0.57	9.70	0.00	-0.12	0.12	58935.55
0.67	0.56	9.80	0.00	-0.06	0.06	58935.57
0.65	0.58	9.77	0.00	-0.12	0.12	58935.59
0.64	0.55	9.72	-0.06	0.06	0.12	58935.62
0.61	0.55	9.77	-0.06	-0.06	0.19	58935.63
0.66	0.56	9.73	0.00	0.19	-0.06	58935.66
0.66	0.59	9.78	-0.06	0.00	0.12	58935.67
0.66	0.56	9.77	0.06	0.00	0.06	58935.69
0.68	0.57	9.71	-0.06	0.06	0.00	58935.71
0.62	0.54	9.81	-0.06	0.06	0.00	58935.73
0.65	0.55	9.72	-0.06	-0.06	0.00	58935.75
0.66	0.55	9.77	0.00	0.12	0.00	58935.78
0.66	0.56	9.70	-0.06	0.06	0.00	58935.79
0.67	0.56	9.72	0.06	0.06	-0.06	58935.82
0.66	0.58	9.75	0.06	0.06	-0.06	58935.83
0.62	0.54	9.70	0.06	0.19	-0.06	58935.85
0.65	0.56	9.75	0.00	0.00	0.00	58935.87
0.64	0.56	9.81	0.00	0.00	0.00	58935.89
0.65	0.55	9.77	0.06	0.06	0.00	58935.91
0.65	0.56	9.77	0.00	0.00	-0.06	58935.94
0.66	0.55	9.70	-0.12	0.00	-0.06	58935.96
0.67	0.59	9.77	-0.06	0.06	0.00	58935.98
0.64	0.57	9.74	-0.06	0.06	0.12	58936.00
0.62	0.55	9.76	0.00	0.06	0.19	58936.01
0.64	0.53	9.77	0.12	0.12	-0.06	58936.03
0.64	0.56	9.71	0.00	0.19	-0.06	58936.05
0.67	0.57	9.80	0.00	-0.19	0.06	58936.07
0.67	0.57	9.76	0.00	0.00	0.00	58936.10
0.62	0.57	9.75	-0.06	-0.06	-0.06	58936.12
0.62	0.53	9.81	-0.06	0.00	0.00	58936.14
0.63	0.58	9.70	0.00	0.06	-0.06	58936.16
0.63	0.55	9.75	-0.06	0.19	0.06	58936.17
0.67	0.56	9.76	-0.06	0.06	0.00	58936.19
0.66	0.57	9.72	0.00	0.06	0.00	58936.21
0.65	0.55	9.75	0.12	0.12	0.06	58936.24
