0.43	-0.74	9.67	0.00	0.00	-0.06	27.58
0.44	-0.76	9.69	0.00	-0.06	-0.12	27.61
0.44	-0.77	9.64	0.06	0.19	-0.12	27.63
0.43	-0.74	9.71	0.00	0.12	-0.12	27.66
0.45	-0.77	9.73	0.06	0.19	0.00	27.68
0.44	-0.75	9.68	0.00	0.06	-0.19	27.71
0.44	-0.79	9.73	0.00	0.06	-0.12	27.73
0.45	-0.77	9.68	-0.06	-0.12	0.00	27.76
0.40	-0.76	9.68	0.00	0.12	0.06	27.79
0.45	-0.77	9.68	-0.06	-0.06	0.00	27.81
0.45	-0.73	9.70	0.06	0.12	-0.06	27.84
0.41	-0.76	9.70	-0.06	-0.12	0.06	27.86
0.46	-0.75	9.72	-0.12	0.06	-0.12	27.89
0.42	-0.72	9.68	0.00	0.06	0.06	27.91
0.47	-0.77	9.68	-0.06	0.00	0.00	27.94
0.41	-0.76	9.67	-0.06	0.12	0.00	27.96
0.44	-0.81	9.68	0.19	0.19	-0.19	27.99
0.43	-0.77	9.71	-0.06	-0.06	-0.12	28.01
0.45	-0.76	9.70	-0.06	-0.12	-0.06	28.04
0.44	-0.77	9.69	0.00	0.12	0.00	28.06
0.45	-0.75	9.73	-0.12	0.00	-0.06	28.09
0.44	-0.75	9.67	-0.06	-0.12	0.00	28.11
0.45	-0.77	9.68	0.00	0.00	0.06	28.14
0.43	-0.77	9.69	-0.06	0.00	-0.06	28.16
0.44	-0.79	9.73	0.06	0.31	-0.12	28.19
0.42	-0.79	9.72	-0.12	0.06	0.00	28.21
0.48	-0.75	9.71	-0.12	-0.12	0.00	28.24
0.43	-0.78	9.69	0.00	0.12	0.06	28.26
0.44	-0.75	9.75	0.00	-0.12	-0.06	28.29
0.44	-0.78	9.70	-0.06	0.06	0.00	28.31
0.42	-0.75	9.66	-0.06	-0.12	0.06	28.34
0.44	-0.74	9.69	-0.12	-0.06	-0.06	28.36
0.44	-0.77	9.70	-0.06	0.12	0.06	28.39
0.43	-0.74	9.68	-0.06	0.12	0.00	28.41
0.45	-0.79	9.72	-0.06	0.19	-0.25	28.44
0.44	-0.75	9.70	0.00	0.06	0.06	28.46
0.45	-0.76	9.73	0.00	-0.06	0.12	28.49
0.45	-0.76	9.68	-0.19	-0.06	-0.06	28.51
0.41	-0.77	9.68	0.00	0.06	0.06	28.54
0.41	-0.75	9.70	-0.06	0.12	0.06	28.56
0.44	-0.74	9.71	-0.12	-0.06	0.06	28.59
0.42	-0.75	9.71	0.00	0.06	-0.06	28.61
0.46	-0.60	9.75	0.44	-0.12	0.19	28.64
0.58	-1.06	9.55	6.31	-1.31	3.88	28.67
0.56	-0.38	9.92	13.38	-2.56	9.50	28.69
0.54	-0.63	9.72	14.63	-3.50	11.69	28.72
0.84	-0.90	9.55	18.37	1.06	15.56	28.74
0.33	-0.11	9.82	18.62	4.06	14.38	28.77
0.37	-0.38	9.90	19.50	8.56	11.25	28.79
0.31	-0.44	9.96	16.69	10.38	8.75	28.82
0.39	-0.47	9.80	14.63	9.19	1.88	28.84
0.54	0.19	9.54	14.63	9.13	1.44	28.87
0.32	-0.11	9.81	7.00	4.00	0.12	28.89
0.15	-0.14	9.71	4.38	2.31	0.31	28.92
0.34	-0.27	9.59	1.37	0.63	-0.12	28.94
0.22	-0.19	9.82	0.69	0.31	0.25	28.97
0.22	-0.17	9.79	0.25	0.12	-0.06	28.99
0.21	-0.14	9.80	-0.19	-0.12	-0.06	29.02
0.25	-0.18	9.77	-0.19	-0.25	0.12	29.04
0.24	-0.20	9.76	-0.19	-0.12	-0.06	29.07
0.23	-0.15	9.75	-0.06	-0.06	0.06	29.09
0.25	-0.18	9.75	0.00	0.06	0.06	29.12
0.22	-0.16	9.79	0.06	0.00	0.12	29.14
0.25	-0.16	9.77	-0.12	0.06	0.12	29.17
0.25	-0.13	9.81	0.00	0.06	-0.12	29.19
0.22	-0.17	9.78	-0.06	0.12	0.00	29.22
0.22	-0.16	9.74	0.00	0.19	-0.06	29.24
0.21	-0.18	9.76	-0.06	0.19	0.06	29.27
0.23	-0.16	9.76	-0.12	-0.06	0.06	29.29
0.22	-0.16	9.77	-0.12	-0.19	0.06	29.32
0.25	-0.17	9.77	-0.06	-0.31	0.19	29.34
0.23	-0.18	9.76	0.06	0.00	-0.12	29.37
0.27	-0.17	9.81	-0.06	-0.06	-0.06	29.39
0.24	-0.15	9.75	0.00	0.12	0.00	29.42
0.24	-0.19	9.75	0.00	0.19	-0.19	29.44
0.22	-0.19	9.75	0.00	0.12	0.00	29.47
0.22	-0.14	9.75	0.00	0.06	0.12	29.50
0.26	-0.16	9.74	-0.06	0.06	0.06	29.52
0.26	-0.17	9.78	0.06	0.00	-0.12	29.54
0.24	-0.15	9.76	0.12	0.12	0.00	29.57
0.23	-0.14	9.78	-0.06	0.19	0.00	29.59
0.22	-0.15	9.74	-0.06	-0.19	0.12	29.62
0.23	-0.20	9.75	-0.06	-0.19	0.00	29.65
0.26	-0.14	9.75	0.06	0.00	-0.06	29.67
0.24	-0.17	9.81	-0.06	0.12	0.00	29.70
0.24	-0.16	9.77	-0.12	-0.06	0.06	29.72
0.25	-0.17	9.77	0.06	0.19	0.00	29.75
0.26	-0.16	9.73	-0.06	0.00	0.12	29.77
0.27	-0.13	9.68	-0.06	-0.06	0.19	29.80
0.26	-0.22	9.72	0.06	0.12	0.06	29.82
0.17	-0.11	9.80	-0.06	0.06	0.00	29.85
0.31	-0.08	9.73	0.06	0.12	0.00	29.87
0.18	-0.19	9.83	-0.06	0.00	0.06	29.90
0.28	-0.11	9.80	0.12	0.06	0.00	29.92
0.19	-0.20	9.79	0.00	0.06	0.00	29.95
0.30	-0.13	9.75	0.06	-0.12	0.19	29.97
0.21	-0.21	9.77	0.19	-0.12	0.19	30.00
0.29	-0.18	9.72	0.12	0.00	0.06	30.02
0.18	-0.08	9.81	0.06	-0.06	0.00	30.05
0.30	-0.15	9.76	0.25	0.12	0.00	30.07
0.18	-0.13	9.83	-0.06	0.06	0.06	30.10
0.29	-0.14	9.73	0.06	0.06	-0.12	30.12
0.26	-0.17	9.75	0.00	-0.19	0.06	30.15
0.26	-0.15	9.75	0.00	-0.06	0.12	30.17
0.27	-0.20	9.76	0.00	0.25	0.00	30.20
0.25	-0.17	9.77	-0.06	0.06	0.06	30.22
0.25	-0.20	9.75	0.06	0.06	0.06	30.25
0.26	-0.17	9.77	-0.06	-0.12	0.06	30.27
0.25	-0.17	9.78	0.06	0.00	0.00	30.30
0.27	-0.18	9.74	0.06	-0.06	-0.12	30.32
0.26	-0.15	9.73	0.00	-0.06	0.12	30.35
0.26	-0.15	9.74	0.06	0.19	-0.06	30.37
0.27	-0.16	9.80	0.00	0.12	-0.19	30.40
0.26	-0.17	9.75	0.06	-0.06	-0.06	30.42
0.28	-0.15	9.77	0.06	0.25	-0.06	30.45
0.22	-0.19	9.76	0.06	0.19	-0.06	30.47
0.26	-0.16	9.79	0.12	0.25	-0.06	30.50
0.22	-0.15	9.75	0.00	0.06	0.06	30.52
0.24	-0.17	9.76	0.12	0.12	0.00	30.55
0.24	-0.17	9.73	0.00	0.00	-0.06	30.57
0.24	-0.16	9.77	0.06	0.00	0.06	30.60
0.24	-0.13	9.75	0.00	-0.06	0.00	30.63
0.26	-0.19	9.81	-0.12	-0.06	0.06	30.65
0.25	-0.17	9.76	-0.12	0.00	0.12	30.68
0.22	-0.16	9.71	0.06	0.06	0.00	30.70
0.24	-0.18	9.74	-0.12	-0.06	-0.12	30.73
0.24	-0.18	9.77	-0.12	0.12	0.06	30.75
0.27	-0.13	9.76	-0.12	-0.25	0.00	30.78
0.22	-0.18	9.79	0.00	0.00	0.00	30.80
0.27	-0.15	9.76	-0.12	0.00	-0.12	30.83
0.27	-0.18	9.75	0.06	0.00	-0.06	30.85
0.27	-0.15	9.73	-0.12	-0.06	-0.19	30.88
0.22	-0.13	9.77	-0.06	0.00	0.12	30.90
0.25	-0.20	9.75	-0.06	0.00	0.12	30.93
0.25	-0.12	9.75	-0.06	-0.25	0.12	30.95
0.24	-0.12	9.73	0.06	0.06	0.06	30.98
0.22	-0.18	9.80	0.00	0.12	-0.12	31.00
0.26	-0.15	9.78	-0.06	0.00	-0.06	31.03
0.28	-0.23	9.76	0.25	0.25	0.25	31.05
0.25	-0.12	9.76	0.19	0.12	0.31	31.08
0.29	-0.19	9.73	-0.06	-0.12	0.00	31.10
0.26	-0.16	9.70	-0.12	0.00	0.00	31.13
0.27	-0.15	9.75	0.19	0.25	0.06	31.15
0.23	-0.32	9.78	-0.12	-0.12	0.19	31.18
0.25	-0.08	9.83	-0.12	-0.06	-0.06	31.20
0.19	-0.14	9.75	-0.06	0.12	0.06	31.23
0.26	-0.19	9.75	-0.31	-0.06	0.00	31.25
0.30	-0.13	9.73	-0.06	0.06	0.00	31.28
0.29	-0.12	9.74	0.19	0.25	0.06	31.30
0.30	-0.17	9.75	0.00	0.12	0.00	31.33
0.25	-0.19	9.79	0.12	0.06	0.06	31.35
0.30	-0.18	9.77	-0.12	-0.06	0.06	31.38
0.19	-0.15	9.79	0.00	-0.06	-0.06	31.41
0.29	-0.32	9.73	0.00	0.06	-0.19	31.43
0.22	-0.15	9.75	-0.25	-0.19	-0.12	31.46
0.26	-0.22	9.73	-0.31	-0.12	0.12	31.48
0.22	-0.12	9.77	-0.25	-0.12	-0.06	31.51
0.15	-0.12	9.77	0.06	-0.06	-0.19	31.53
0.27	-0.12	9.78	-0.19	0.06	0.00	31.56
0.15	-0.08	9.81	0.19	0.00	0.12	31.58
0.22	-0.22	9.80	0.00	0.12	0.00	31.61
0.31	-0.20	9.73	-0.12	-0.06	0.00	31.63
0.22	-0.10	9.76	0.06	0.00	-0.06	31.66
0.21	-0.15	9.79	-0.06	-0.06	0.06	31.68
0.29	-0.22	9.77	0.06	0.00	-0.69	31.71
0.31	-0.13	9.78	-0.12	0.00	-0.19	31.73
0.14	-0.15	9.79	-0.06	-0.12	0.37	31.76
0.30	-0.33	9.73	0.25	0.12	-0.06	31.78
0.46	0.31	9.70	-0.06	-0.12	-0.12	31.81
0.28	0.00	9.76	-1.19	-0.81	1.75	31.83
0.47	0.12	9.80	-4.50	-1.88	3.06	31.86
0.17	0.28	9.89	-7.19	-2.06	2.63	31.88
0.22	0.62	9.96	-15.63	-3.81	-0.25	31.91
-0.26	1.34	10.05	-27.69	-6.81	-2.75	31.93
-1.08	-1.12	11.18	-22.19	-15.13	-0.94	31.96
0.56	-0.18	9.12	-23.31	-16.25	1.94	31.98
0.72	-1.15	9.43	-20.69	-13.75	0.69	32.01
0.96	-1.68	9.16	-14.69	-9.81	-1.69	32.03
0.63	-1.10	9.54	-9.06	-5.13	-6.75	32.06
0.17	-0.06	10.09	-14.25	-8.63	-5.50	32.08
0.38	-0.26	9.86	-19.81	-12.88	-2.75	32.11
0.59	-0.47	9.75	-22.94	-14.81	-3.63	32.14
0.54	-0.50	9.77	-26.69	-17.25	-3.06	32.16
0.79	-1.47	9.32	-25.56	-16.75	-1.31	32.19
1.13	-1.47	9.36	-22.37	-14.94	-0.44	32.21
1.03	-1.70	9.33	-20.56	-13.69	-1.12	32.24
1.32	-2.05	9.13	-15.88	-9.69	-4.50	32.26
1.32	-1.85	9.29	-11.56	-6.19	-6.13	32.29
1.03	-1.66	9.60	-9.94	-5.06	-5.38	32.31
0.77	-1.08	9.76	-12.50	-6.88	-5.25	32.34
1.03	-1.48	9.43	-17.00	-9.81	-4.81	32.36
1.08	-1.35	9.55	-17.94	-10.56	-4.88	32.39
1.17	-1.33	9.53	-20.25	-12.50	-2.69	32.41
1.18	-1.85	9.41	-20.37	-13.75	0.00	32.44
1.37	-2.06	9.28	-19.81	-13.50	0.25	32.46
1.45	-2.38	9.11	-17.62	-11.81	0.19	32.49
1.66	-2.37	9.12	-13.25	-9.19	-0.44	32.51
1.51	-2.23	9.18	-12.19	-8.25	0.12	32.54
1.70	-2.70	8.97	-8.69	-5.81	-0.37	32.56
1.60	-2.30	9.18	-6.75	-4.19	-1.44	32.59
1.58	-2.40	9.14	-4.69	-2.44	-1.63	32.61
1.44	-2.09	9.33	-4.44	-2.75	-0.25	32.64
1.68	-2.44	9.12	-3.94	-2.44	-0.19	32.66
1.67	-2.26	9.18	-2.19	-1.63	-0.06	32.69
1.58	-2.46	9.16	-0.69	-0.31	-0.50	32.71
1.47	-2.13	9.27	-0.56	-0.19	-0.31	32.74
1.43	-2.08	9.32	-1.75	-1.37	0.37	32.76
1.55	-2.47	9.12	-2.25	-1.63	0.06	32.79
1.52	-2.26	9.27	-0.69	-0.50	0.00	32.81
1.56	-2.16	9.25	-0.63	-0.56	0.37	32.84
1.46	-2.05	9.34	-2.00	-1.69	1.06	32.87
1.47	-2.33	9.18	-2.63	-1.81	0.25	32.89
1.48	-2.39	9.13	-1.75	-1.12	-0.12	32.92
1.63	-2.33	9.16	-1.19	-0.88	0.00	32.94
1.61	-2.22	9.24	-0.50	-0.63	0.56	32.97
1.45	-2.16	9.26	-1.19	-1.25	0.75	32.99
1.42	-2.22	9.31	-1.94	-1.56	0.31	33.02
1.56	-2.31	9.18	-2.56	-1.69	0.06	33.04
1.63	-2.41	9.18	-2.00	-1.63	0.19	33.06
1.58	-2.40	9.14	-1.12	-0.88	0.12	33.09
1.58	-2.39	9.15	-0.25	-0.25	-0.06	33.12
1.54	-2.32	9.20	-0.25	-0.31	-0.06	33.14
1.50	-2.25	9.26	-0.44	-0.25	-0.12	33.17
1.55	-2.32	9.19	-1.31	-1.06	0.06	33.19
1.62	-2.36	9.19	-1.12	-1.00	0.19	33.22
1.58	-2.32	9.18	-0.88	-0.56	0.19	33.24
1.53	-2.37	9.16	-0.88	-0.69	0.50	33.27
1.60	-2.38	9.16	-0.88	-0.63	0.00	33.29
1.61	-2.43	9.15	0.06	0.00	-0.06	33.32
1.55	-2.27	9.25	0.00	0.12	0.12	33.34
1.56	-2.29	9.22	-0.75	-0.63	0.31	33.37
1.61	-2.41	9.14	-0.69	-0.56	0.37	33.39
1.56	-2.32	9.24	0.00	-0.06	0.06	33.42
1.58	-2.32	9.18	-0.25	-0.25	0.31	33.44
1.62	-2.37	9.15	-0.63	-0.50	0.25	33.47
1.55	-2.39	9.16	-0.44	-0.44	0.50	33.49
1.55	-2.36	9.19	-0.25	-0.31	0.19	33.52
1.58	-2.37	9.19	-0.19	-0.06	0.06	33.54
1.57	-2.32	9.20	-0.50	-0.44	0.00	33.57
1.62	-2.42	9.15	-0.50	-0.37	0.06	33.59
1.66	-2.42	9.15	0.12	0.06	0.31	33.62
1.52	-2.34	9.19	-0.12	-0.19	0.19	33.64
1.54	-2.27	9.19	-0.50	-0.44	0.12	33.67
1.59	-2.37	9.16	-0.81	-0.56	-0.06	33.69
1.59	-2.38	9.21	-0.69	-0.50	0.12	33.72
1.58	-2.39	9.17	-0.63	-0.44	0.25	33.74
1.60	-2.38	9.17	-0.25	-0.25	0.00	33.77
1.58	-2.26	9.20	-0.44	-0.44	0.19	33.79
1.66	-2.42	9.11	-0.37	-0.12	0.25	33.82
1.62	-2.39	9.18	-0.44	-0.50	0.44	33.85
1.58	-2.44	9.17	0.00	-0.06	0.44	33.87
1.60	-2.36	9.16	0.06	-0.06	0.06	33.90
1.65	-2.37	9.19	0.12	-0.12	0.31	33.92
1.68	-2.46	9.16	0.44	0.00	0.25	33.95
1.76	-2.53	9.09	2.31	1.19	0.63	33.97
1.99	-2.94	8.85	5.25	3.38	0.81	34.00
2.23	-3.29	8.63	14.00	9.00	0.81	34.02
2.34	-3.68	8.63	22.25	14.94	0.56	34.05
2.45	-3.57	8.57	37.50	25.12	0.37	34.07
1.71	-2.72	9.00	44.75	30.19	0.19	34.10
1.71	-2.52	9.01	52.94	36.31	-1.50	34.12
1.38	-1.95	9.18	59.13	40.88	-2.75	34.15
1.15	-1.56	9.39	62.25	42.19	-0.06	34.17
0.87	-1.45	9.26	64.19	43.19	0.00	34.20
0.74	-1.55	9.19	70.75	48.00	-2.13	34.22
-2.49	-2.30	12.67	73.50	41.50	-5.81	34.25
-2.35	3.58	17.77	40.56	31.44	-1.25	34.27
-1.24	0.71	11.59	26.19	25.06	-2.25	34.30
-1.46	-0.42	10.23	25.25	24.69	0.69	34.32
0.78	0.09	9.85	25.81	23.81	-2.31	34.35
-0.32	0.65	9.77	23.31	22.69	-0.94	34.37
-0.81	0.87	9.94	20.12	19.31	-2.25	34.40
-2.38	1.84	10.15	-0.25	-0.50	-0.31	34.42
0.44	0.17	10.06	-0.50	-1.12	1.19	34.45
-0.32	0.00	9.93	0.12	0.19	2.81	34.47
-0.43	0.52	9.99	-0.37	-0.12	3.75	34.50
-0.29	0.28	10.06	-2.38	-2.13	3.56	34.53
0.19	-0.23	9.90	-1.12	-1.19	0.00	34.55
0.22	-0.11	9.91	4.00	3.88	-1.37	34.58
-1.40	0.20	10.30	-0.69	-0.12	-1.37	34.60
-0.19	0.25	10.05	-0.69	-0.81	-0.75	34.63
-0.13	0.12	9.97	-0.25	-0.50	-1.19	34.65
-0.09	0.31	9.98	0.50	0.56	-1.50	34.68
-0.29	0.24	10.00	-0.12	-0.06	-0.37	34.70
-0.24	0.22	10.03	0.00	-0.06	0.00	34.72
-0.23	0.38	9.94	-0.12	-0.19	-0.12	34.75
-0.29	0.36	9.99	-0.50	-0.44	-0.25	34.78
-0.24	0.38	9.95	-0.94	-0.81	0.12	34.80
-0.21	0.30	10.00	-1.31	-1.06	-0.06	34.83
-0.09	0.10	9.95	-0.44	-0.37	0.31	34.85
-0.07	0.21	9.96	1.31	1.19	-0.50	34.88
-0.33	0.45	9.96	1.50	1.37	-0.37	34.90
-0.30	0.51	9.96	-0.31	-0.56	-0.50	34.93
-0.20	0.42	9.90	-1.12	-1.19	0.06	34.95
-0.15	0.22	9.97	-1.12	-1.12	0.12	34.98
-0.11	0.23	9.92	-0.37	-0.37	0.00	35.00
-0.19	0.26	10.00	0.50	0.44	-0.19	35.03
-0.24	0.36	9.93	0.37	0.37	-0.12	35.05
-0.16	0.30	9.98	0.25	0.19	0.06	35.08
-0.22	0.32	10.03	0.81	0.75	-0.12	35.10
-0.26	0.42	9.93	0.56	0.31	-0.37	35.13
-0.32	0.45	9.93	-0.44	-0.25	-0.19	35.15
-0.29	0.39	9.97	-1.31	-1.19	0.12	35.18
-0.14	0.25	9.95	-1.63	-1.50	0.25	35.20
-0.10	0.19	9.99	-0.88	-0.75	0.12	35.23
-0.19	0.29	9.94	-0.31	-0.31	-0.12	35.25
-0.26	0.36	9.99	-0.25	-0.19	-0.06	35.28
-0.28	0.40	9.95	-0.81	-0.75	0.00	35.30
-0.22	0.30	9.91	-1.56	-1.31	0.12	35.33
-0.15	0.26	9.96	-1.19	-1.12	-0.19	35.35
-0.16	0.28	9.97	-0.88	-0.69	-0.12	35.38
-0.17	0.28	9.95	-0.88	-0.81	-0.06	35.40
-0.20	0.28	9.99	-0.75	-0.63	0.00	35.43
-0.19	0.29	9.93	-0.56	-0.63	-0.12	35.45
-0.19	0.29	9.95	-0.88	-0.81	-0.06	35.48
-0.23	0.28	9.96	-1.12	-1.06	0.06	35.51
-0.18	0.28	9.93	-1.37	-1.37	0.06	35.53
-0.16	0.27	10.00	-1.31	-1.44	0.06	35.56
-0.17	0.24	9.96	-1.37	-1.31	0.00	35.58
-0.14	0.11	9.61	-1.19	-1.06	0.19	35.61
0.11	0.27	10.15	-0.50	-0.44	0.06	35.63
-0.72	-0.17	12.26	-1.37	-1.44	-0.44	35.65
0.15	0.91	10.04	-1.50	-1.75	0.06	35.68
0.23	0.77	9.18	-0.25	0.00	-0.31	35.71
-0.21	-0.05	9.93	0.25	0.50	-0.25	35.73
0.00	0.25	9.80	-0.06	0.00	-0.19	35.76
0.05	0.31	10.00	-0.44	-0.19	0.06	35.78
-0.10	0.19	9.86	-0.69	-0.56	0.12	35.81
-0.10	-0.01	9.85	-0.50	-0.37	0.19	35.83
0.05	0.07	9.83	-0.56	-0.56	-0.06	35.86
0.04	0.10	9.89	-0.06	-0.19	-0.12	35.88
-0.05	0.08	9.87	-0.12	-0.19	0.00	35.91
-0.02	0.05	9.84	0.00	0.12	-0.12	35.93
-0.05	0.12	9.84	0.25	0.25	-0.25	35.96
-0.10	0.16	9.92	-0.31	-0.37	-0.12	35.98
-0.07	0.16	9.88	-0.81	-0.88	-0.06	36.01
0.00	0.13	9.83	-0.88	-0.81	-0.12	36.03
0.06	0.00	9.83	-0.50	-0.25	0.00	36.06
0.04	0.03	9.85	0.19	0.12	-0.06	36.08
-0.04	0.11	9.86	0.63	0.56	0.00	36.11
-0.05	0.12	9.89	0.31	0.31	-0.06	36.13
-0.07	0.16	9.85	-0.12	-0.19	0.12	36.16
-0.05	0.16	9.86	-0.44	-0.50	0.00	36.18
-0.02	0.11	9.88	-0.75	-0.63	0.00	36.21
-0.01	0.04	9.85	-0.50	-0.56	-0.06	36.23
0.03	0.06	9.82	-0.19	-0.37	0.00	36.26
-0.03	0.08	9.86	0.19	0.06	-0.12	36.28
-0.04	0.11	9.88	-0.06	0.00	-0.12	36.31
-0.03	0.12	9.90	-0.37	-0.12	0.06	36.33
0.01	0.06	9.86	-0.19	-0.31	0.12	36.36
-0.02	0.05	9.80	0.06	0.19	0.25	36.38
-0.04	0.11	9.87	0.12	0.06	-0.12	36.41
-0.06	0.14	9.85	-0.12	-0.06	-0.06	36.44
-0.10	0.17	9.87	-0.63	-0.56	0.06	36.46
-0.06	0.12	9.88	-1.12	-1.00	-0.12	36.49
-0.01	0.06	9.87	-1.44	-1.69	0.12	36.51
0.03	0.02	9.88	-1.12	-1.00	0.06	36.54
0.11	-0.04	9.84	-0.37	-0.37	-0.19	36.56
0.00	0.06	9.83	0.12	0.06	0.00	36.59
-0.02	0.07	9.88	0.06	0.06	0.00	36.61
-0.02	0.08	9.88	-0.12	-0.12	-0.06	36.64
-0.03	0.10	9.88	-0.31	-0.31	0.12	36.66
0.01	0.07	9.89	-0.31	-0.25	0.25	36.69
0.04	0.05	9.90	-0.06	-0.06	0.06	36.71
-0.03	0.08	9.92	0.06	0.06	-0.12	36.74
-0.06	0.13	9.87	-0.56	-0.75	-0.25	36.76
-0.04	0.10	9.84	-1.31	-0.88	-0.44	36.79
0.00	0.02	9.86	-1.31	-1.19	-0.25	36.81
0.06	0.01	9.86	-0.88	-0.94	-0.12	36.84
0.03	0.01	9.84	-0.31	-0.25	0.06	36.86
0.04	0.04	9.88	-0.06	-0.19	-0.12	36.89
-0.04	0.08	9.88	-0.06	0.12	-0.31	36.91
-0.04	0.10	9.84	-0.44	-0.31	-0.44	36.94
0.00	0.12	9.82	-0.94	-0.75	-0.56	36.96
0.06	0.02	9.83	-0.88	-0.69	-0.88	36.99
0.00	0.01	9.85	-0.75	-0.75	-0.12	37.01
0.00	0.09	9.89	-0.63	-0.69	-0.12	37.04
0.01	0.02	9.88	-0.75	-0.81	-0.19	37.06
-0.01	0.00	9.87	-1.06	-0.94	0.06	37.09
0.11	0.01	9.84	-0.88	-0.69	-0.31	37.11
0.00	0.00	9.87	-0.37	-0.37	0.00	37.14
0.03	0.00	9.83	-0.56	-0.56	-0.06	37.16
0.03	0.02	9.86	-0.44	-0.31	-0.12	37.19
0.02	0.01	9.88	-0.19	-0.25	-0.37	37.21
0.02	0.06	9.90	-0.50	-0.31	-0.12	37.24
0.06	0.02	9.86	-0.63	-0.63	-0.12	37.27
0.09	0.01	9.85	-0.50	-0.19	-0.31	37.29
0.02	0.01	9.88	-0.37	-0.31	0.00	37.31
0.01	0.03	9.87	-0.69	-0.75	-0.12	37.34
0.02	0.05	9.88	-0.69	-0.81	-0.19	37.37
0.00	-0.07	9.90	-1.31	-1.12	-1.25	37.39
0.09	-0.08	9.85	-1.00	-1.25	-1.25	37.42
0.15	-0.01	9.88	-0.19	-0.31	-0.81	37.44
0.02	0.04	9.86	0.00	0.06	-0.81	37.47
0.05	0.05	9.83	-0.31	-0.31	-1.00	37.49
-0.01	0.11	9.88	-0.75	-0.69	-1.19	37.52
-0.23	0.25	9.89	-2.44	-2.13	-0.81	37.54
-0.25	0.35	9.88	-5.50	-5.13	-0.06	37.57
-0.16	0.26	9.91	-8.88	-8.50	1.31	37.59
0.07	0.06	9.87	-10.25	-10.06	2.00	37.62
0.07	-0.02	9.92	-11.88	-11.63	2.31	37.64
0.33	-0.19	9.88	-11.63	-11.50	2.63	37.67
0.22	-0.28	9.83	-11.38	-11.31	4.44	37.69
-0.52	0.80	9.95	-17.62	-17.37	7.75	37.72
6.26	-0.47	12.01	-26.25	-5.88	3.00	37.74
-0.17	-1.10	10.09	-25.94	-7.00	-7.44	37.77
0.11	-0.09	10.34	-34.44	-8.31	-18.62	37.79
-0.38	1.50	10.55	-32.81	-21.62	-15.06	37.82
-0.24	1.37	10.50	-54.19	-34.56	-8.63	37.84
0.63	-1.11	9.47	-57.19	-37.25	-6.25	37.87
0.42	-1.23	9.17	-45.75	-30.50	-3.69	37.89
1.95	-1.78	9.22	-48.13	-32.13	-2.81	37.92
1.38	-1.56	9.19	-45.50	-31.31	1.63	37.94
1.96	-3.18	8.74	-39.94	-27.87	3.19	37.97
2.25	-3.55	8.59	-25.56	-18.06	1.94	37.99
2.33	-3.61	8.59	-14.56	-9.94	-0.31	38.02
1.92	-2.68	9.06	-3.44	-1.75	-1.69	38.04
1.59	-2.33	9.30	-0.88	-0.88	0.50	38.07
1.66	-2.47	9.25	1.31	0.69	0.37	38.09
1.40	-1.97	9.48	2.94	1.88	0.06	38.12
1.20	-1.73	9.64	0.69	0.19	0.63	38.15
1.37	-1.97	9.55	-1.69	-1.81	1.50	38.17
1.43	-2.26	9.34	-2.19	-1.75	0.81	38.20
1.60	-2.23	9.30	-1.00	-0.56	0.00	38.22
1.42	-2.05	9.42	-0.81	-0.37	0.00	38.25
1.58	-2.31	9.35	-0.31	-0.50	0.44	38.27
1.48	-2.28	9.34	0.94	0.63	0.12	38.30
1.40	-2.05	9.43	1.63	1.00	-0.12	38.32
1.40	-2.06	9.48	0.81	0.63	-0.31	38.35
1.42	-2.08	9.43	0.37	0.19	0.19	38.37
1.53	-2.09	9.44	0.25	-0.06	0.88	38.40
1.47	-2.27	9.34	0.56	0.12	0.81	38.42
1.44	-2.17	9.39	1.44	1.06	0.00	38.45
1.39	-1.98	9.47	1.00	0.63	0.06	38.47
1.41	-2.07	9.46	-0.19	-0.06	0.12	38.50
1.51	-2.20	9.37	0.06	0.06	0.00	38.52
1.47	-2.15	9.41	0.50	0.37	0.00	38.55
1.43	-2.07	9.43	0.50	0.31	0.00	38.57
1.42	-2.05	9.44	0.25	0.00	0.25	38.60
1.40	-2.05	9.45	-0.31	-0.31	0.00	38.62
1.47	-2.15	9.40	-0.31	-0.12	0.00	38.65
1.48	-2.19	9.40	-0.31	-0.37	0.06	38.67
1.45	-2.13	9.41	0.31	0.12	0.25	38.70
1.38	-2.05	9.44	-0.25	-0.19	0.00	38.72
1.42	-2.07	9.42	-0.81	-0.31	0.12	38.75
1.48	-2.17	9.42	-0.69	-0.50	0.00	38.77
1.46	-2.15	9.37	-0.37	-0.12	-0.06	38.80
1.48	-2.14	9.38	0.19	0.06	0.19	38.82
1.44	-2.15	9.40	0.44	0.37	0.06	38.85
1.36	-1.98	9.49	-0.06	-0.12	0.00	38.87
1.41	-2.10	9.48	-1.12	-0.81	0.06	38.90
1.50	-2.27	9.36	-0.94	-0.75	0.31	38.92
1.54	-2.27	9.37	0.19	0.12	0.12	38.95
1.45	-2.09	9.43	0.94	0.63	0.06	38.97
1.37	-1.98	9.47	0.19	0.25	0.00	39.00
1.48	-2.13	9.42	-0.50	-0.31	0.12	39.02
1.50	-2.24	9.39	-0.25	0.00	0.12	39.05
1.43	-2.12	9.42	0.31	0.19	0.00	39.07
1.45	-2.12	9.50	0.12	0.06	0.06	39.10
1.44	-2.17	9.44	-0.12	-0.19	0.00	39.13
1.44	-2.17	9.36	0.06	0.00	-0.12	39.15
1.47	-2.19	9.41	0.12	-0.06	-0.06	39.18
1.45	-2.11	9.45	0.19	0.25	0.06	39.20
1.42	-2.12	9.45	-0.12	0.19	0.00	39.23
1.45	-2.19	9.42	-0.50	-0.37	0.06	39.25
1.50	-2.22	9.37	-0.06	-0.12	0.12	39.28
1.48	-2.21	9.42	0.44	0.37	-0.06	39.30
1.44	-2.13	9.44	0.63	0.50	0.06	39.33
1.40	-2.10	9.43	0.25	0.25	0.06	39.35
1.42	-2.09	9.43	0.00	-0.12	0.06	39.38
1.43	-2.13	9.44	-0.56	-0.50	0.00	39.40
1.48	-2.19	9.42	-0.75	-0.63	-0.12	39.43
1.43	-2.10	9.47	-0.63	-0.50	0.12	39.45
1.46	-2.15	9.43	-1.00	-0.69	0.19	39.48
1.47	-2.17	9.42	-0.81	-0.56	0.06	39.50
1.48	-2.16	9.38	-0.56	-0.50	0.31	39.53
1.50	-2.23	9.38	-0.06	-0.25	0.44	39.55
1.49	-2.17	9.42	0.19	0.12	0.25	39.58
1.47	-2.16	9.44	0.25	0.12	0.19	39.60
1.45	-2.14	9.45	0.06	-0.06	0.12	39.63
1.42	-2.13	9.50	-0.31	-0.31	0.06	39.65
1.45	-2.18	9.42	-0.81	-0.50	0.00	39.68
1.52	-2.23	9.35	-0.37	-0.25	0.12	39.70
1.50	-2.24	9.38	0.06	0.12	0.12	39.73
1.46	-2.14	9.42	0.19	-0.06	0.19	39.75
1.46	-2.15	9.42	0.06	0.06	0.19	39.78
1.51	-2.21	9.44	0.19	0.25	0.06	39.80
1.59	-2.31	9.37	1.12	0.63	-0.06	39.83
1.50	-2.25	9.43	2.19	1.63	0.06	39.86
1.58	-2.36	9.32	3.19	2.19	-0.06	39.88
1.79	-2.68	9.12	6.88	4.38	0.12	39.90
2.04	-2.97	8.98	12.06	8.00	0.63	39.93
2.11	-3.34	8.78	24.25	16.25	0.19	39.96
2.19	-3.45	8.52	35.25	24.87	-2.75	39.98
1.90	-3.01	8.69	51.00	36.31	-6.19	40.01
1.70	-2.78	8.58	60.75	43.38	-9.06	40.03
1.44	-2.41	8.83	73.19	51.31	-9.13	40.06
0.83	-0.54	9.44	74.37	50.44	-5.13	40.08
-8.02	-5.77	16.35	87.81	25.62	2.31	40.11
-1.22	-1.23	10.85	51.19	32.13	0.25	40.13
0.69	0.23	11.02	43.88	45.94	5.50	40.16
-1.69	0.92	9.79	38.19	38.31	2.88	40.18
-0.97	1.56	9.89	23.31	22.19	-3.19	40.21
-0.99	2.09	7.05	5.50	5.75	-2.00	40.23
-0.66	-0.73	9.77	-0.56	-1.63	0.44	40.26
0.05	-0.29	9.99	-0.37	-0.19	-1.06	40.28
-0.13	0.25	9.88	-0.06	-0.25	-1.69	40.31
-0.04	-0.01	9.97	-0.06	-0.06	-3.94	40.33
0.07	0.00	9.85	0.94	1.00	-4.75	40.36
-0.04	0.51	9.78	0.19	-0.06	-3.38	40.38
-0.24	0.19	9.89	-0.06	-0.06	-1.19	40.41
-0.02	0.15	9.85	-0.12	-0.12	0.19	40.43
-0.19	0.12	9.83	-0.06	0.00	0.12	40.46
-0.17	0.13	9.88	-0.06	-0.19	-0.25	40.48
-0.15	0.15	9.89	0.00	0.06	-1.06	40.51
-0.07	0.15	9.88	0.00	0.06	-1.25	40.53
-0.09	0.23	9.87	-0.12	-0.12	0.25	40.56
-0.12	0.10	9.85	-0.19	-0.44	0.37	40.58
-0.13	0.21	9.83	0.06	-0.06	-0.06	40.61
-0.10	0.17	9.87	0.06	0.06	-0.19	40.63
-0.11	0.15	9.82	-0.12	0.06	-0.06	40.66
-0.15	0.18	9.89	0.06	0.19	-0.12	40.68
-0.12	0.14	9.88	0.06	-0.06	-0.12	40.71
-0.08	0.20	9.88	-0.06	0.00	-0.06	40.73
-0.13	0.18	9.89	-0.19	0.00	0.12	40.76
-0.13	0.18	9.85	-0.06	-0.12	0.12	40.78
-0.11	0.14	9.88	0.00	-0.12	0.12	40.81
-0.10	0.16	9.86	0.12	0.00	0.06	40.84
-0.14	0.18	9.84	-0.06	-0.06	0.06	40.86
-0.12	0.21	9.86	-0.25	0.00	0.44	40.88
-0.13	0.19	9.87	-0.06	0.12	0.75	40.91
0.00	0.06	9.85	-0.12	0.06	0.44	40.94
-0.14	0.18	9.89	-0.06	0.19	0.06	40.96
0.01	0.21	9.94	-0.06	0.00	0.06	40.99
-0.06	0.22	9.91	0.00	-0.12	0.06	41.01
-0.11	0.14	9.86	-0.06	-0.19	0.06	41.04
-0.15	0.23	9.88	0.00	0.00	0.06	41.06
-0.12	0.22	9.88	0.06	0.19	-0.06	41.09
-0.10	0.06	9.89	0.06	0.12	-0.12	41.11
-0.18	0.12	9.90	-0.19	-0.06	-0.06	41.14
-0.15	0.15	9.80	-0.12	-0.06	-0.06	41.16
-0.18	0.12	9.89	0.00	0.06	0.06	41.19
-0.04	0.15	9.87	0.00	0.06	0.06	41.21
-0.15	0.17	9.88	0.06	0.00	0.00	41.24
-0.05	0.18	9.92	-0.12	-0.06	0.19	41.26
-0.05	0.18	9.85	0.00	-0.25	-0.06	41.29
-0.10	0.20	9.87	0.00	0.00	-0.06	41.31
-0.08	0.18	9.86	0.12	0.06	-0.12	41.34
-0.08	0.19	9.83	-0.06	-0.06	0.06	41.36
-0.13	0.15	9.91	0.00	0.19	-0.12	41.39
-0.11	0.13	9.86	-0.12	-0.25	-0.06	41.41
-0.11	0.13	9.85	-0.06	0.12	0.06	41.44
-0.11	0.15	9.89	0.00	-0.06	-0.19	41.46
-0.10	0.14	9.84	0.06	-0.12	0.19	41.49
-0.10	0.10	9.89	-0.06	-0.12	0.12	41.51
-0.11	0.16	9.84	0.06	0.19	0.06	41.54
-0.12	0.15	9.83	-0.12	0.06	0.00	41.56
-0.04	0.07	9.84	-0.12	-0.19	0.12	41.59
-0.10	0.14	9.82	-0.12	0.19	-0.06	41.62
-0.10	0.14	9.82	0.06	0.00	0.06	41.64
-0.08	0.15	9.86	-0.12	-0.06	-0.12	41.67
-0.09	0.14	9.84	0.00	0.06	0.06	41.69
-0.05	0.10	9.83	0.00	-0.12	-0.06	41.72
-0.07	0.12	9.85	0.00	0.19	0.00	41.74
-0.07	0.12	9.81	-0.12	-0.12	-0.06	41.77
-0.13	0.16	9.88	-0.12	0.12	0.06	41.79
-0.09	0.11	9.85	-0.12	-0.12	0.06	41.82
-0.07	0.13	9.88	-0.06	0.00	0.00	41.84
-0.09	0.14	9.87	-0.06	-0.12	-0.06	41.87
-0.08	0.12	9.86	-0.06	0.06	-0.12	41.89
-0.11	0.11	9.83	-0.12	-0.06	0.06	41.92
-0.06	0.11	9.83	-0.06	-0.25	-0.06	41.94
-0.07	0.12	9.83	0.06	-0.06	0.00	41.97
-0.08	0.13	9.86	-0.06	0.00	0.06	41.99
-0.11	0.08	9.87	-0.06	-0.06	0.00	42.02
-0.07	0.09	9.83	-0.12	0.00	0.00	42.04
-0.07	0.13	9.90	-0.19	-0.12	0.12	42.07
-0.08	0.11	9.85	-0.06	0.00	0.00	42.09
-0.11	0.12	9.83	0.00	-0.06	0.00	42.12
-0.08	0.09	9.84	-0.06	0.00	-0.06	42.14
-0.08	0.13	9.86	-0.19	0.12	0.06	42.17
-0.09	0.11	9.83	-0.12	0.00	0.06	42.19
-0.09	0.10	9.85	-0.06	-0.12	0.00	42.22
-0.06	0.13	9.83	-0.06	-0.06	-0.06	42.24
-0.07	0.11	9.77	-0.19	0.00	0.06	42.27
-0.11	0.14	9.86	0.00	0.00	0.00	42.29
-0.07	0.11	9.84	-0.12	-0.19	-0.06	42.32
-0.07	0.12	9.84	-0.06	-0.31	-0.06	42.34
-0.08	0.13	9.86	-0.12	-0.12	0.00	42.37
-0.10	0.12	9.84	0.06	0.06	0.00	42.39
-0.08	0.12	9.85	-0.12	-0.06	-0.06	42.42
-0.07	0.12	9.83	-0.06	-0.12	-0.06	42.44
-0.06	0.13	9.81	-0.19	-0.25	0.12	42.47
-0.08	0.13	9.86	-0.06	-0.06	-0.06	42.49
-0.09	0.12	9.85	0.06	-0.06	-0.06	42.52
-0.08	0.12	9.83	-0.06	-0.06	0.06	42.54
-0.10	0.10	9.87	0.00	0.00	0.00	42.57
-0.09	0.13	9.85	-0.12	0.12	-0.06	42.60
-0.08	0.16	9.83	-0.12	-0.31	0.12	42.62
-0.09	0.13	9.83	-0.06	-0.25	-0.06	42.65
-0.07	0.09	9.86	-0.06	0.06	-0.06	42.67
-0.10	0.12	9.88	0.00	-0.06	0.12	42.70
-0.10	0.13	9.86	0.00	-0.31	0.00	42.72
-0.07	0.15	9.83	0.00	0.12	-0.06	42.75
-0.05	0.12	9.89	0.06	0.00	-0.06	42.77
-0.06	0.09	9.86	-0.19	-0.19	-0.06	42.80
-0.11	0.13	9.83	0.00	-0.06	0.12	42.82
-0.08	0.13	9.85	0.00	0.06	-0.19	42.85
-0.07	0.11	9.83	-0.06	-0.06	0.00	42.87
-0.08	0.13	9.85	0.00	0.06	0.00	42.90
-0.08	0.13	9.86	-0.19	-0.06	0.00	42.92
-0.09	0.14	9.82	0.06	-0.06	-0.19	42.95
-0.08	0.10	9.88	0.00	-0.06	0.12	42.97
-0.08	0.11	9.84	-0.12	0.00	0.06	43.00
-0.10	0.11	9.84	-0.06	0.00	0.06	43.02
-0.09	0.14	9.80	-0.12	-0.12	0.00	43.05
-0.05	0.11	9.87	-0.06	-0.19	-0.06	43.07
-0.06	0.12	9.87	-0.12	-0.25	0.06	43.10
-0.09	0.15	9.86	0.00	-0.12	0.00	43.12
-0.08	0.16	9.83	-0.12	-0.06	0.06	43.15
-0.09	0.10	9.90	-0.06	-0.06	0.00	43.17
-0.07	0.13	9.86	-0.12	-0.06	0.00	43.20
-0.10	0.14	9.82	-0.06	-0.12	0.06	43.22
-0.08	0.13	9.83	-0.06	0.00	-0.06	43.25
-0.06	0.09	9.86	-0.12	-0.19	0.06	43.27
-0.08	0.12	9.88	-0.06	-0.25	0.19	43.30
-0.10	0.14	9.85	-0.06	-0.19	0.06	43.32
-0.07	0.14	9.82	-0.06	-0.12	-0.06	43.35
-0.05	0.11	9.82	-0.06	0.00	-0.06	43.37
-0.09	0.13	9.83	0.00	0.06	-0.06	43.40
-0.09	0.12	9.86	-0.12	-0.12	-0.06	43.43
-0.08	0.12	9.84	-0.12	0.12	-0.06	43.45
-0.07	0.14	9.85	0.06	0.06	0.00	43.47
-0.07	0.11	9.86	-0.06	-0.19	-0.06	43.50
-0.11	0.11	9.84	-0.19	0.00	0.06	43.53
-0.07	0.15	9.86	0.00	-0.12	-0.06	43.55
-0.07	0.11	9.84	0.06	0.12	-0.06	43.58
-0.11	0.10	9.84	0.00	-0.06	0.00	43.60
-0.10	0.14	9.84	-0.12	-0.06	0.06	43.63
-0.10	0.15	9.85	-0.06	-0.19	0.00	43.65
-0.04	0.11	9.87	-0.12	0.06	0.00	43.68
-0.09	0.12	9.87	-0.06	-0.06	0.00	43.70
-0.09	0.13	9.87	-0.12	-0.19	0.00	43.73
-0.08	0.14	9.86	0.06	0.19	0.00	43.75
-0.05	0.12	9.83	-0.19	-0.19	-0.06	43.78
-0.10	0.13	9.86	0.00	0.12	0.06	43.80
-0.10	0.11	9.87	0.00	0.00	-0.06	43.83
-0.08	0.14	9.81	0.00	0.06	-0.12	43.85
-0.05	0.09	9.88	0.00	-0.12	-0.06	43.88
-0.08	0.11	9.85	-0.06	0.00	0.00	43.90
-0.09	0.13	9.81	-0.06	0.06	0.00	43.93
-0.10	0.13	9.84	-0.12	-0.06	0.00	43.95
-0.05	0.13	9.84	0.06	0.00	-0.06	43.98
-0.07	0.09	9.85	0.00	-0.06	0.12	44.00
-0.11	0.13	9.85	0.06	0.06	0.06	44.03
-0.08	0.14	9.81	0.00	0.12	-0.06	44.05
-0.08	0.13	9.87	-0.06	-0.12	-0.06	44.08
-0.07	0.12	9.84	-0.12	0.00	0.06	44.10
-0.10	0.12	9.85	0.06	0.00	0.06	44.13
-0.08	0.13	9.86	0.00	0.00	0.00	44.15
-0.07	0.11	9.87	0.00	-0.12	0.12	44.18
-0.09	0.12	9.86	0.12	0.00	-0.06	44.20
-0.07	0.12	9.86	0.06	0.25	-0.06	44.23
-0.09	0.15	9.83	-0.06	-0.06	0.00	44.25
-0.10	0.13	9.83	-0.06	-0.12	0.00	44.28
-0.07	0.12	9.83	-0.12	0.12	-0.06	44.30
-0.06	0.13	9.87	-0.06	0.12	-0.06	44.33
-0.06	0.13	9.83	0.00	0.06	-0.12	44.35
-0.07	0.14	9.87	0.00	-0.06	0.00	44.38
-0.06	0.11	9.86	-0.06	0.06	0.06	44.40
-0.09	0.14	9.87	0.00	-0.06	0.00	44.43
-0.10	0.12	9.84	0.00	0.19	0.06	44.46
-0.10	0.10	9.81	-0.12	0.00	0.12	44.48
-0.07	0.09	9.84	-0.19	0.06	0.00	44.51
-0.07	0.11	9.84	0.12	0.06	-0.12	44.53
-0.09	0.14	9.86	0.00	0.00	0.06	44.56
-0.05	0.09	9.86	0.06	-0.12	-0.12	44.58
-0.06	0.11	9.85	0.06	0.19	-0.06	44.61
-0.09	0.13	9.87	0.00	-0.06	0.00	44.63
-0.12	0.15	9.84	-0.06	0.06	0.00	44.66
-0.09	0.10	9.81	-0.06	0.12	0.00	44.68
-0.08	0.11	9.83	-0.06	0.19	0.00	44.71
-0.09	0.13	9.84	0.00	-0.06	0.00	44.73
-0.09	0.12	9.86	-0.06	-0.06	0.00	44.76
-0.07	0.12	9.87	0.00	-0.06	-0.06	44.78
-0.08	0.09	9.84	0.06	-0.31	-0.06	44.81
-0.10	0.10	9.88	0.00	0.12	0.00	44.83
-0.10	0.15	9.83	0.00	0.12	0.00	44.86
-0.08	0.13	9.82	0.12	0.06	-0.06	44.88
-0.08	0.10	9.88	0.06	0.06	-0.06	44.91
-0.09	0.14	9.85	-0.06	0.00	0.06	44.93
-0.07	0.15	9.85	0.19	0.12	-0.06	44.96
-0.03	0.13	9.85	0.00	0.19	-0.06	44.98
-0.08	0.11	9.84	-0.06	-0.06	0.00	45.01
-0.08	0.12	9.82	0.00	0.12	-0.12	45.03
-0.10	0.12	9.84	0.00	0.06	0.06	45.06
-0.08	0.12	9.83	0.06	0.06	0.06	45.08
-0.10	0.12	9.87	-0.12	-0.06	-0.06	45.11
-0.07	0.12	9.86	-0.06	0.06	0.12	45.13
-0.07	0.12	9.84	0.06	0.12	-0.06	45.16
-0.08	0.17	9.86	0.06	-0.06	-0.06	45.19
-0.10	0.13	9.83	0.00	0.00	-0.12	45.21
-0.07	0.10	9.85	-0.12	-0.25	0.00	45.24
-0.10	0.14	9.84	0.06	0.00	-0.06	45.26
-0.10	0.11	9.85	0.06	0.19	-0.06	45.29
-0.09	0.14	9.84	0.06	0.06	0.06	45.31
-0.06	0.09	9.87	-0.12	-0.12	0.12	45.34
-0.06	0.14	9.83	-0.06	-0.06	0.00	45.36
-0.08	0.13	9.87	0.06	-0.12	0.06	45.39
-0.08	0.11	9.86	-0.06	-0.06	0.00	45.41
-0.04	0.12	9.86	0.00	-0.12	-0.06	45.44
-0.09	0.12	9.84	0.06	0.19	-0.06	45.46
-0.09	0.13	9.84	0.12	0.06	-0.12	45.49
-0.07	0.11	9.83	0.06	0.00	-0.12	45.51
-0.07	0.14	9.86	-0.06	0.00	0.00	45.54
-0.09	0.17	9.82	-0.06	-0.19	0.06	45.56
-0.06	0.14	9.84	0.06	0.06	0.00	45.59
-0.07	0.12	9.82	0.12	0.00	0.00	45.61
-0.09	0.11	9.84	-0.06	0.12	0.06	45.64
-0.11	0.15	9.84	0.00	-0.06	0.00	45.66
-0.04	0.11	9.89	0.00	-0.12	-0.12	45.69
-0.08	0.11	9.83	-0.06	0.00	0.00	45.71
-0.09	0.17	9.87	-0.12	-0.06	0.12	45.74
-0.10	0.11	9.84	0.00	0.25	0.06	45.76
-0.08	0.10	9.82	-0.06	-0.06	-0.06	45.79
-0.09	0.12	9.84	0.00	0.00	0.06	45.81
-0.09	0.11	9.84	0.00	-0.12	0.00	45.84
-0.09	0.15	9.86	0.00	0.06	-0.06	45.86
-0.06	0.09	9.86	0.00	0.06	0.06	45.89
-0.07	0.10	9.85	0.06	0.19	0.00	45.91
-0.08	0.13	9.86	0.12	0.25	-0.06	45.94
-0.10	0.14	9.85	0.06	0.12	-0.06	45.96
-0.08	0.14	9.84	0.06	0.19	0.00	45.99
-0.08	0.13	9.83	-0.06	-0.12	-0.06	46.01
-0.06	0.12	9.89	0.06	0.12	0.06	46.04
-0.10	0.13	9.85	-0.06	0.06	-0.06	46.06
-0.06	0.12	9.87	0.00	0.00	0.06	46.09
-0.08	0.12	9.84	0.00	0.06	0.06	46.11
-0.06	0.10	9.85	0.06	0.19	0.06	46.14
-0.07	0.13	9.85	0.06	0.00	0.00	46.16
-0.09	0.13	9.82	0.06	-0.12	0.00	46.19
-0.14	0.07	9.89	-0.12	0.00	0.12	46.22
0.00	0.12	9.87	-0.06	0.31	0.75	46.24
-0.05	0.15	9.82	-0.12	0.37	0.63	46.27
-0.12	0.13	9.87	0.94	-0.19	0.50	46.29
-0.02	0.09	9.80	2.50	-0.25	1.94	46.32
0.02	-0.36	9.78	4.94	-0.63	4.25	46.34
0.00	0.08	9.80	16.00	-3.00	12.63	46.37
-0.13	0.33	9.96	20.25	-1.31	19.62	46.39
-0.13	0.54	10.04	19.94	1.12	22.00	46.42
0.90	0.89	9.27	14.31	-2.63	16.81	46.44
0.31	0.61	9.83	28.12	-2.88	28.81	46.47
-0.13	0.42	9.75	27.12	-2.50	31.62	46.49
0.03	0.86	9.73	23.25	-3.00	30.44	46.52
0.02	0.87	9.81	14.56	-3.38	21.19	46.54
-0.13	1.10	9.84	13.56	-5.25	19.56	46.57
0.01	0.86	9.85	10.63	-5.19	14.56	46.59
0.04	1.25	9.87	8.56	-3.50	10.56	46.62
0.19	1.12	9.83	4.44	-2.00	5.06	46.64
0.17	1.04	9.78	2.94	-2.00	2.69	46.67
0.07	0.91	9.81	1.06	-1.06	0.75	46.69
0.01	1.05	9.79	0.06	-0.50	-0.31	46.72
0.11	0.91	9.81	0.31	-0.56	-0.37	46.74
0.10	0.96	9.78	0.25	-0.37	-0.25	46.77
0.14	1.07	9.77	0.19	-0.37	0.00	46.79
0.08	1.02	9.81	0.12	-0.19	-0.06	46.82
0.15	1.01	9.83	0.00	-0.12	0.06	46.84
0.12	0.99	9.79	0.06	-0.12	-0.06	46.87
0.10	0.99	9.77	0.25	-0.31	-0.19	46.90
0.08	1.02	9.80	0.25	-0.19	-0.12	46.92
0.15	1.02	9.80	0.06	-0.12	-0.06	46.95
0.11	1.05	9.80	0.12	0.06	0.06	46.97
0.14	1.03	9.79	-1.69	0.37	-1.19	47.00
0.14	1.01	9.81	-1.37	0.44	-1.12	47.02
0.05	0.99	9.80	-0.31	0.31	-0.19	47.04
0.04	1.14	9.82	-0.19	0.37	0.00	47.07
0.20	0.47	9.70	-2.44	1.12	-1.88	47.10
0.05	1.00	9.87	-5.38	1.94	-4.81	47.12
0.08	0.93	9.74	-6.31	1.63	-5.19	47.15
-0.06	0.83	9.87	-7.56	2.06	-6.63	47.17
-0.04	0.96	9.96	-9.00	1.44	-6.38	47.20
0.14	0.49	9.68	-7.81	1.69	-6.31	47.22
0.16	0.79	9.75	-2.31	0.56	-1.50	47.25
0.09	0.81	9.81	-0.94	0.12	-0.31	47.27
0.07	0.83	9.84	0.12	0.19	0.37	47.30
0.09	0.85	9.82	0.00	0.44	0.12	47.32
0.07	0.83	9.81	-0.12	0.25	0.00	47.35
0.07	0.80	9.81	0.06	0.25	0.06	47.37
0.05	0.75	9.86	0.25	0.06	0.06	47.40
0.04	0.80	9.86	0.25	-0.19	0.19	47.42
0.04	0.81	9.80	0.06	0.19	-0.12	47.45
0.03	0.83	9.81	0.00	-0.06	-0.06	47.47
0.06	0.80	9.80	-0.06	-0.06	-0.06	47.50
0.08	0.82	9.81	-0.06	0.12	0.06	47.52
0.09	0.85	9.84	-0.12	0.06	0.00	47.55
0.02	0.80	9.83	0.06	0.12	0.06	47.57
0.07	0.80	9.86	-0.06	-0.12	-0.12	47.60
0.04	0.80	9.81	0.06	-0.19	-0.06	47.62
0.05	0.83	9.79	-0.12	0.00	0.12	47.65
0.03	0.83	9.82	0.06	0.25	-0.06	47.67
0.08	0.78	9.82	0.00	0.00	-0.12	47.70
0.07	0.81	9.82	0.12	0.06	-0.19	47.72
0.06	0.83	9.84	-0.12	-0.12	0.00	47.75
0.05	0.84	9.79	0.12	0.00	-0.06	47.77
0.05	0.82	9.80	0.06	0.19	-0.19	47.80
0.07	0.78	9.79	0.06	-0.06	0.06	47.82
0.06	0.84	9.80	0.00	0.12	0.00	47.85
0.06	0.83	9.81	-0.06	0.06	-0.06	47.88
0.05	0.79	9.84	0.06	-0.06	0.19	47.90
0.04	0.80	9.84	0.00	-0.31	0.06	47.93
0.04	0.79	9.85	0.06	0.06	-0.12	47.95
0.06	0.85	9.80	0.06	0.12	0.00	47.97
0.07	0.79	9.80	0.12	-0.19	-0.06	48.00
0.04	0.81	9.80	0.06	0.06	0.12	48.03
0.12	0.81	9.80	-0.06	0.12	0.00	48.05
-0.01	0.83	9.82	0.00	0.19	0.06	48.08
0.06	0.77	9.88	0.12	0.12	-0.19	48.10
0.09	0.81	9.80	0.06	0.06	0.06	48.13
-0.03	0.78	9.83	0.00	0.00	0.50	48.15
0.09	0.87	9.80	0.06	0.25	0.12	48.18
0.04	0.80	9.86	0.12	0.19	0.19	48.20
0.11	0.78	9.79	0.25	0.19	0.12	48.23
0.06	0.80	9.84	0.19	0.06	-0.12	48.25
-0.03	0.83	9.85	0.12	0.12	0.00	48.28
0.09	0.80	9.86	-0.06	0.00	0.00	48.30
0.04	0.81	9.84	-0.06	-0.12	0.06	48.33
0.08	0.83	9.78	0.00	-0.06	0.12	48.35
0.08	0.82	9.80	0.12	-0.06	-0.12	48.38
0.05	0.83	9.83	-0.06	-0.06	0.06	48.40
0.08	0.82	9.82	0.00	0.00	0.06	48.43
0.04	0.83	9.84	0.06	0.12	0.06	48.45
0.03	0.83	9.80	0.12	0.00	0.12	48.48
0.08	0.85	9.85	0.06	0.06	-0.12	48.50
0.10	0.84	9.79	0.12	0.12	-0.12	48.53
0.08	0.80	9.80	0.06	0.12	-0.06	48.55
0.06	0.78	9.83	0.00	0.06	-0.06	48.58
0.04	0.82	9.82	0.00	-0.25	-0.06	48.60
0.04	0.84	9.83	0.06	-0.12	0.00	48.63
0.05	0.80	9.84	0.00	0.06	0.06	48.65
0.06	0.86	9.78	0.44	-0.31	0.31	48.68
0.09	0.82	9.81	-0.06	0.06	0.00	48.70
0.04	0.78	9.84	0.06	0.06	0.06	48.73
0.06	0.82	9.82	-0.06	0.12	-0.12	48.76
0.07	0.82	9.79	-0.06	0.12	-0.12	48.78
0.06	0.84	9.81	0.00	0.06	0.12	48.81
0.09	0.80	9.83	0.00	0.06	-0.06	48.83
0.09	0.85	9.81	0.00	-0.06	-0.12	48.86
0.01	0.82	9.81	0.06	0.12	0.00	48.88
0.05	0.69	9.79	2.13	-0.19	1.56	48.91
0.05	0.87	9.78	0.56	-0.06	0.37	48.93
0.14	0.70	9.75	1.00	-0.37	0.88	48.96
0.00	0.73	9.77	4.38	-0.37	3.00	48.98
0.19	0.76	9.84	3.38	-0.44	2.44	49.01
0.09	0.84	9.79	4.25	-0.81	3.31	49.03
0.01	1.06	9.87	5.63	-1.00	4.69	49.06
0.07	0.88	9.79	5.31	-1.25	4.56	49.08
0.10	1.14	9.83	5.69	-0.69	4.44	49.11
0.10	0.81	9.75	5.00	-1.31	4.44	49.13
0.07	0.96	9.78	3.50	-0.69	3.19	49.16
0.06	1.04	9.79	1.44	-0.44	1.25	49.18
0.12	0.99	9.85	0.00	0.00	0.12	49.21
0.09	0.99	9.81	0.25	0.25	0.25	49.23
0.09	0.97	9.84	0.25	0.37	0.00	49.26
0.04	1.02	9.84	0.00	0.06	0.12	49.28
0.11	0.99	9.77	0.06	-0.12	0.19	49.31
0.09	0.90	9.82	0.12	-0.12	0.19	49.33
0.13	1.02	9.82	1.25	-0.25	1.25	49.36
0.06	1.01	9.82	0.19	0.00	0.44	49.38
0.11	1.01	9.82	0.00	0.06	0.31	49.41
0.11	1.01	9.80	0.00	0.12	0.12	49.43
0.13	0.97	9.76	0.06	0.25	0.31	49.46
0.13	1.03	9.75	-0.06	0.31	0.25	49.48
0.10	0.94	9.81	0.37	0.12	0.25	49.51
0.18	0.99	9.80	1.50	-0.12	1.31	49.53
0.15	0.94	9.79	1.06	-0.06	1.00	49.56
0.06	1.02	9.82	0.25	0.00	0.37	49.58
0.15	1.00	9.83	-0.06	-0.12	0.12	49.61
0.09	0.97	9.83	0.06	0.19	-0.06	49.63
0.09	1.02	9.81	0.00	-0.19	0.06	49.66
0.08	1.01	9.81	0.12	0.00	0.06	49.68
0.09	1.03	9.82	-0.19	-0.12	0.12	49.71
0.11	1.02	9.80	0.31	0.19	0.12	49.74
0.11	1.01	9.86	-0.06	0.12	0.00	49.76
0.08	1.02	9.80	-0.06	-0.06	0.12	49.79
0.15	1.06	9.83	0.12	0.00	0.12	49.81
0.10	1.10	9.81	1.12	-0.19	1.00	49.84
0.06	1.03	9.80	2.06	-0.19	1.63	49.86
0.08	1.05	9.82	1.25	-0.12	1.12	49.89
0.09	1.03	9.80	-0.06	0.31	-0.06	49.91
0.08	1.01	9.79	0.00	0.00	-0.06	49.94
0.10	1.03	9.79	0.19	0.06	0.00	49.96
0.17	1.05	9.79	-0.25	-0.25	-0.75	49.99
0.06	1.06	9.71	1.75	-2.63	-9.13	50.01
-0.35	1.17	9.64	-0.63	-5.38	-8.50	50.04
2.16	2.47	8.85	-6.06	-10.13	-12.50	50.06
0.96	1.41	9.56	-12.13	-7.56	-19.31	50.09
0.32	1.66	9.62	-14.19	-10.56	-29.12	50.11
0.39	0.81	9.75	-18.75	-12.19	-29.37	50.14
-0.27	0.46	9.78	-26.87	-13.81	-29.31	50.16
0.35	0.21	10.02	-25.25	-8.50	-23.94	50.19
0.52	0.76	9.67	-29.06	-8.88	-21.06	50.21
0.37	0.68	9.72	-37.06	-10.81	-20.37	50.24
0.40	-0.04	10.09	-38.81	-5.75	-17.06	50.26
0.73	0.17	9.78	-32.38	-1.31	-10.13	50.29
0.20	-0.15	9.77	-34.69	-0.56	-11.75	50.31
0.54	-0.25	9.84	-34.13	0.00	-10.94	50.34
0.45	-0.07	9.82	-34.56	1.81	-12.00	50.36
0.47	-0.30	9.88	-32.44	3.56	-13.00	50.39
0.49	-0.50	9.63	-32.63	5.06	-15.00	50.41
0.33	-0.58	9.78	-29.62	6.00	-14.38	50.44
0.49	-0.88	9.76	-24.19	5.50	-11.69	50.47
0.54	-1.04	9.56	-18.00	4.69	-9.06	50.49
0.50	-0.91	9.61	-10.75	0.56	-3.81	50.52
0.33	-1.00	9.64	-7.13	-0.56	-1.31	50.54
0.34	-1.06	9.82	-5.13	-1.25	0.19	50.57
0.37	-0.97	9.76	-2.81	-0.94	0.94	50.59
0.37	-1.01	9.80	-4.38	-2.06	1.63	50.62
0.33	-1.02	9.74	-4.25	-2.19	2.00	50.64
0.44	-0.96	9.82	-2.81	-1.56	1.12	50.67
0.43	-0.98	9.77	-2.56	-1.56	1.00	50.69
0.31	-1.10	9.79	-2.06	-1.25	1.00	50.72
0.36	-1.09	9.75	-3.13	-1.69	1.19	50.74
0.36	-1.11	9.72	-2.94	-1.75	1.25	50.77
0.39	-1.10	9.76	-1.94	-1.06	0.88	50.79
0.41	-1.09	9.77	-1.31	-0.88	0.69	50.82
0.35	-1.14	9.74	-3.31	-2.00	0.88	50.84
0.40	-1.09	9.78	-3.19	-2.06	1.44	50.87
0.44	-1.07	9.73	-1.12	-1.00	0.63	50.89
0.40	-1.13	9.76	-0.75	-0.63	0.19	50.92
0.41	-1.09	9.76	-1.63	-0.94	0.31	50.94
0.34	-1.17	9.74	-1.50	-1.06	0.25	50.97
0.47	-1.14	9.78	-1.06	-0.50	0.56	50.99
0.41	-1.17	9.77	-0.44	-0.31	0.37	51.02
0.38	-1.15	9.70	-1.25	-0.75	0.44	51.04
0.40	-1.16	9.78	-1.44	-0.69	0.81	51.07
0.37	-1.12	9.71	-1.25	-0.81	0.63	51.09
0.42	-1.16	9.70	-1.88	-1.06	0.69	51.12
0.46	-1.15	9.71	-1.19	-0.63	0.63	51.14
0.44	-1.18	9.74	-1.69	-1.06	0.75	51.17
0.45	-1.15	9.68	-1.00	-0.69	0.69	51.19
0.45	-1.15	9.69	-0.88	-0.56	0.19	51.22
0.43	-1.17	9.75	0.00	0.06	0.12	51.24
0.43	-1.17	9.76	0.12	0.00	0.06	51.27
0.43	-1.18	9.75	0.06	0.12	0.12	51.29
0.45	-1.18	9.70	0.06	0.12	-0.06	51.32
0.43	-1.16	9.72	0.00	0.19	-0.06	51.34
0.45	-1.19	9.74	0.00	0.06	0.12	51.37
0.45	-1.17	9.74	-0.06	0.00	0.06	51.39
0.44	-1.17	9.75	0.06	0.06	-0.06	51.42
0.44	-1.17	9.75	0.00	0.00	-0.06	51.44
0.43	-1.19	9.77	0.00	0.00	0.12	51.47
0.45	-1.18	9.73	-0.06	-0.06	0.12	51.49
0.44	-1.19	9.72	0.06	0.06	0.00	51.52
0.46	-1.20	9.76	0.19	0.12	-0.06	51.54
0.43	-1.16	9.75	0.06	0.06	-0.06	51.57
0.43	-1.17	9.74	-0.06	0.12	0.00	51.60
0.47	-1.17	9.77	0.06	-0.12	0.06	51.62
0.43	-1.19	9.72	0.12	0.12	0.00	51.65
0.43	-1.15	9.67	0.00	0.06	-0.06	51.67
0.44	-1.16	9.72	0.19	0.12	0.00	51.70
0.45	-1.19	9.71	0.00	0.00	0.06	51.72
0.48	-1.18	9.75	-0.06	-0.06	0.00	51.75
0.43	-1.19	9.77	0.81	0.63	-0.06	51.77
0.43	-1.17	9.78	2.19	1.63	-0.63	51.80
0.47	-1.19	9.78	3.50	2.50	-0.75	51.82
0.39	-1.12	9.65	2.75	1.75	-0.06	51.85
0.45	-1.13	9.75	1.25	0.56	-0.25	51.87
0.59	-1.16	9.71	3.19	2.81	0.50	51.90
0.27	-1.17	9.72	1.94	1.31	-0.12	51.92
0.41	-1.10	9.80	2.25	1.44	-0.12	51.95
0.31	-1.18	9.80	2.06	1.25	-0.31	51.97
0.39	-1.13	9.77	1.44	0.75	-0.31	52.00
0.43	-1.06	9.79	1.69	1.19	-0.25	52.02
0.35	-1.09	9.73	1.12	0.63	-0.31	52.05
0.37	-1.07	9.73	-0.12	0.06	0.00	52.07
0.39	-1.11	9.80	0.69	0.31	0.06	52.10
0.40	-1.06	9.76	1.69	0.94	-0.19	52.12
0.38	-1.02	9.75	1.19	0.88	-0.06	52.15
0.39	-1.09	9.83	0.75	0.56	-0.12	52.17
0.39	-1.07	9.77	1.06	0.75	-0.12	52.20
0.35	-1.07	9.68	3.31	2.19	-0.37	52.22
0.31	-1.08	9.77	2.19	1.31	-0.25	52.25
0.32	-1.02	9.75	1.00	0.50	-0.19	52.28
0.36	-1.06	9.82	0.25	0.25	-0.12	52.30
0.39	-1.12	9.83	0.69	0.56	-0.06	52.33
0.38	-1.12	9.78	1.56	1.06	-0.25	52.35
0.29	-0.97	9.76	2.31	1.37	-0.37	52.38
0.38	-0.92	9.71	3.06	1.75	-0.44	52.40
0.28	-1.03	9.72	3.75	2.00	-0.56	52.43
0.37	-0.97	9.70	3.19	1.88	-0.31	52.45
0.22	-0.93	9.75	1.94	1.12	-0.19	52.48
0.29	-0.93	9.76	1.69	1.19	-0.12	52.50
0.32	-0.96	9.77	0.69	0.56	0.06	52.53
0.25	-0.98	9.74	1.44	0.88	-0.06	52.55
0.38	-0.94	9.78	0.50	0.31	-0.06	52.58
0.33	-0.92	9.70	0.50	0.25	0.06	52.60
0.37	-0.95	9.84	-0.06	-0.12	0.63	52.63
0.37	-0.92	9.77	1.25	0.94	0.19	52.65
0.30	-0.98	9.82	0.94	0.69	0.63	52.68
0.28	-0.95	9.75	2.06	1.12	0.06	52.70
0.24	-0.93	9.75	-0.25	-0.19	0.50	52.73
0.25	-0.98	9.76	0.44	0.50	0.12	52.75
0.26	-0.96	9.75	1.69	1.06	0.06	52.78
0.27	-0.92	9.76	1.75	1.25	0.06	52.80
0.28	-0.93	9.83	0.94	0.50	0.06	52.83
0.28	-0.92	9.83	0.37	0.06	0.06	52.85
0.28	-0.91	9.78	1.44	1.12	-0.06	52.88
0.30	-0.86	9.75	1.37	0.81	-0.06	52.90
0.32	-0.86	9.78	0.56	0.31	0.12	52.93
0.26	-0.92	9.79	0.63	0.44	0.19	52.95
0.29	-0.85	9.78	1.69	0.94	0.12	52.98
0.25	-0.88	9.73	2.38	1.31	0.06	53.00
0.23	-0.91	9.81	0.81	0.31	0.06	53.03
0.25	-0.89	9.79	0.94	0.44	0.06	53.05
0.22	-0.87	9.81	2.63	1.37	-0.19	53.08
0.29	-0.78	9.75	2.94	1.12	-1.19	53.10
0.37	-0.73	9.67	2.38	0.69	-0.69	53.13
0.27	-0.79	9.75	1.50	0.50	-0.63	53.15
0.23	-0.85	9.84	1.94	0.88	-0.75	53.18
0.18	-0.94	9.79	2.31	0.88	-0.69	53.20
0.25	-0.80	9.79	1.56	0.63	-0.44	53.23
0.25	-0.81	9.80	1.44	0.69	-0.25	53.26
0.25	-0.86	9.82	0.88	0.12	-0.63	53.28
0.23	-0.86	9.80	0.37	-0.06	-0.25	53.31
0.25	-0.70	9.76	0.25	-0.25	-0.25	53.33
0.24	-0.75	9.78	0.06	0.06	-0.12	53.36
0.27	-0.83	9.82	0.06	-0.06	0.00	53.38
0.24	-0.81	9.80	1.12	0.50	-0.31	53.41
0.23	-0.78	9.83	0.94	0.12	-0.50	53.43
0.21	-0.78	9.81	1.37	0.44	-0.44	53.46
0.23	-0.75	9.80	0.25	-0.06	-0.12	53.48
0.26	-0.74	9.79	1.00	0.44	-0.31	53.51
0.21	-0.78	9.77	1.69	0.88	-0.25	53.53
0.20	-0.77	9.77	1.63	0.94	0.06	53.56
0.21	-0.75	9.85	2.00	1.06	-0.12	53.58
0.22	-0.82	9.80	1.44	0.81	-0.12	53.61
0.23	-0.69	9.79	1.19	0.44	-0.31	53.63
0.17	-0.74	9.88	0.50	-0.12	-0.56	53.66
0.23	-0.67	9.78	0.88	0.37	-0.12	53.68
0.19	-0.68	9.83	0.63	0.12	-0.56	53.71
0.24	-0.71	9.78	0.63	0.25	-0.37	53.73
0.20	-0.73	9.81	0.56	0.06	-0.19	53.76
0.25	-0.71	9.79	0.63	0.37	-0.25	53.78
0.28	-0.70	9.82	0.75	0.44	-0.06	53.81
0.17	-0.69	9.82	0.69	0.19	-0.50	53.83
0.24	-0.71	9.86	0.56	0.00	-0.37	53.86
0.22	-0.64	9.81	0.63	0.12	-0.06	53.88
0.11	-0.81	9.83	0.56	0.00	-0.37	53.91
0.14	-0.67	9.78	0.75	0.31	-0.44	53.94
0.23	-0.67	9.78	1.44	0.69	-0.12	53.96
0.24	-0.67	9.80	1.63	0.94	0.00	53.99
0.20	-0.67	9.77	1.50	0.69	-0.12	54.01
0.20	-0.70	9.84	1.63	0.81	-0.37	54.04
0.21	-0.64	9.72	1.00	0.50	-0.25	54.06
0.18	-0.70	9.83	0.19	0.06	0.00	54.09
0.19	-0.68	9.77	0.06	0.00	-0.12	54.11
0.15	-0.71	9.83	0.63	0.44	-0.44	54.13
0.20	-0.68	9.79	1.94	0.94	-0.37	54.16
0.23	-0.60	9.83	1.19	0.50	-0.25	54.19
0.17	-0.69	9.71	0.31	0.00	-0.19	54.21
0.17	-0.68	9.75	0.06	-0.06	-0.44	54.24
0.22	-0.61	9.80	0.12	-0.25	-0.31	54.26
0.21	-0.65	9.85	0.06	-0.12	-0.31	54.29
0.18	-0.64	9.81	0.00	0.06	-0.06	54.31
0.22	-0.65	9.85	0.37	0.25	-0.06	54.34
0.20	-0.66	9.82	0.88	0.63	-0.12	54.36
0.18	-0.66	9.83	0.94	0.50	-0.06	54.39
0.22	-0.65	9.81	0.31	0.06	0.00	54.41
0.19	-0.69	9.79	0.69	0.44	-0.06	54.44
0.17	-0.65	9.79	0.69	0.31	-0.25	54.46
0.15	-0.64	9.84	0.50	0.06	-0.19	54.49
0.17	-0.60	9.77	0.94	0.50	-0.50	54.51
0.17	-0.62	9.81	0.31	0.25	-0.12	54.54
0.11	-0.70	9.86	0.12	0.12	0.06	54.56
0.20	-0.63	9.86	1.81	1.00	0.25	54.59
0.21	-0.58	9.76	1.63	0.88	-0.06	54.61
0.18	-0.59	9.79	1.50	0.88	-0.12	54.64
0.17	-0.65	9.81	0.81	0.25	-0.31	54.66
0.16	-0.64	9.87	0.44	0.00	-0.31	54.69
0.11	-0.59	9.85	0.44	0.00	-0.25	54.71
0.19	-0.61	9.85	0.25	0.06	-0.06	54.74
0.15	-0.63	9.79	0.12	0.19	0.12	54.76
0.19	-0.59	9.76	0.00	-0.19	0.06	54.79
0.21	-0.59	9.78	0.12	-0.06	-0.06	54.81
0.17	-0.58	9.80	0.19	0.19	-0.06	54.84
0.18	-0.62	9.87	0.12	0.06	-0.25	54.86
0.18	-0.60	9.84	0.37	0.12	-0.06	54.89
0.22	-0.57	9.78	1.44	0.69	0.00	54.92
0.08	-0.61	9.83	1.19	0.81	0.00	54.94
0.10	-0.60	9.84	1.19	0.69	0.00	54.97
0.16	-0.62	9.74	0.44	0.19	0.06	54.99
0.16	-0.61	9.81	0.06	0.12	-0.25	55.02
0.13	-0.58	9.84	-0.06	-0.12	-0.06	55.04
0.14	-0.63	9.83	0.19	0.19	0.00	55.06
0.18	-0.60	9.89	0.63	0.44	-0.06	55.09
0.17	-0.59	9.80	0.50	0.25	0.00	55.12
0.19	-0.53	9.86	0.06	-0.12	-0.12	55.14
0.19	-0.57	9.83	-0.06	-0.06	0.19	55.17
0.21	-0.58	9.80	0.06	0.19	-0.12	55.19
0.15	-0.58	9.81	0.06	0.06	-0.19	55.22
0.17	-0.59	9.82	0.00	-0.19	-0.06	55.24
0.17	-0.61	9.86	0.00	0.00	-0.12	55.27
0.13	-0.59	9.87	1.25	0.75	0.12	55.29
0.19	-0.58	9.79	0.56	0.37	0.00	55.32
0.10	-0.61	9.81	0.63	0.44	-0.06	55.34
0.16	-0.59	9.77	0.50	0.37	0.12	55.37
0.11	-0.57	9.89	0.25	-0.06	-0.19	55.39
0.15	-0.49	9.77	0.75	0.25	-0.19	55.42
0.22	-0.54	9.80	-0.12	-0.12	-0.25	55.44
0.17	-0.55	9.81	-0.06	0.12	-0.12	55.47
0.10	-0.58	9.83	0.12	0.12	-0.06	55.49
0.14	-0.57	9.80	0.06	-0.06	0.00	55.52
0.14	-0.55	9.79	0.06	0.06	-0.06	55.54
0.16	-0.57	9.80	0.12	0.12	0.00	55.57
0.10	-0.60	9.86	1.12	0.75	0.06	55.59
0.19	-0.55	9.84	1.75	1.06	0.25	55.62
0.15	-0.56	9.85	1.25	0.75	0.19	55.65
0.10	-0.58	9.83	1.19	0.63	-0.25	55.67
0.14	-0.55	9.85	0.88	0.50	-0.06	55.70
0.18	-0.49	9.77	0.12	0.12	-0.12	55.72
0.16	-0.53	9.81	-0.06	0.12	0.00	55.75
0.15	-0.54	9.83	0.00	0.06	0.00	55.77
0.12	-0.53	9.85	0.06	0.00	-0.12	55.79
0.15	-0.60	9.83	0.00	0.00	-0.06	55.82
0.17	-0.53	9.85	0.12	-0.12	-0.12	55.85
0.15	-0.54	9.81	0.19	0.19	-0.12	55.87
0.15	-0.54	9.77	0.06	0.19	0.06	55.90
0.15	-0.54	9.81	-0.06	0.00	0.06	55.92
0.10	-0.54	9.81	0.00	0.06	0.12	55.95
0.12	-0.53	9.83	0.06	0.19	0.00	55.97
0.16	-0.53	9.86	-0.06	0.00	0.06	56.00
0.15	-0.55	9.84	-0.12	0.06	0.06	56.02
0.13	-0.53	9.87	0.75	0.50	0.06	56.05
0.09	-0.57	9.87	0.06	-0.19	0.06	56.07
0.11	-0.54	9.81	0.06	0.06	-0.12	56.10
0.18	-0.51	9.79	0.19	0.12	-0.06	56.12
0.08	-0.52	9.85	0.06	-0.25	-0.06	56.15
0.19	-0.50	9.83	0.00	-0.19	-0.19	56.17
0.12	-0.54	9.83	0.19	0.25	0.00	56.20
0.11	-0.54	9.82	0.12	0.06	0.00	56.22
0.13	-0.55	9.85	-0.06	0.12	-0.06	56.25
0.11	-0.54	9.82	0.12	0.06	-0.06	56.27
0.15	-0.52	9.80	0.06	0.06	-0.12	56.30
0.09	-0.56	9.86	0.00	0.06	0.06	56.32
0.17	-0.53	9.82	0.00	-0.06	0.00	56.35
0.17	-0.53	9.83	0.12	0.31	0.06	56.37
0.12	-0.55	9.86	0.06	0.19	-0.12	56.40
0.17	-0.54	9.80	0.00	-0.06	0.06	56.42
0.15	-0.57	9.77	0.06	0.00	0.06	56.45
0.09	-0.51	9.82	0.12	-0.06	-0.06	56.47
0.16	-0.56	9.82	-0.12	-0.19	0.00	56.50
0.18	-0.58	9.82	0.12	-0.19	-0.19	56.52
0.14	-0.53	9.86	0.63	0.31	0.12	56.55
0.02	-0.58	9.97	2.94	1.81	0.31	56.57
0.72	-0.01	9.61	9.44	6.25	-1.06	56.60
0.29	-0.15	9.63	13.63	8.44	1.37	56.63
0.27	-0.58	9.69	12.38	7.38	1.19	56.65
-0.09	-0.36	9.89	11.13	6.44	1.69	56.68
0.42	-0.44	9.78	19.75	4.00	11.19	56.70
-0.06	-0.24	9.90	22.94	2.00	15.19	56.72
-0.08	-0.34	9.79	28.12	1.56	17.94	56.75
0.19	-0.56	9.57	30.69	0.94	20.19	56.78
0.20	-0.09	9.94	44.50	-1.31	37.06	56.80
0.20	0.53	9.83	45.63	-0.19	39.69	56.83
0.10	0.54	9.87	40.50	2.31	35.50	56.85
0.10	0.72	10.05	42.94	3.75	36.50	56.88
0.02	1.10	9.60	34.00	0.63	32.88	56.90
-0.12	1.35	9.75	24.12	-0.31	28.87	56.93
0.09	1.37	9.72	8.75	0.69	17.69	56.95
-0.02	1.15	9.70	1.25	-1.94	13.06	56.98
0.02	1.34	9.62	-2.06	-2.56	9.00	57.00
-0.18	1.10	9.82	-4.06	-1.19	6.00	57.03
-0.06	1.10	9.80	-3.25	-0.75	4.00	57.05
-0.03	1.17	9.79	-2.56	0.19	2.31	57.08
0.05	1.01	9.81	-3.19	1.12	-0.25	57.10
0.07	0.96	9.81	-2.44	1.25	-0.12	57.13
-0.05	0.98	9.83	-0.37	0.81	0.50	57.15
-0.04	1.36	9.82	-1.31	1.00	-0.19	57.18
0.09	0.54	9.70	-7.81	2.94	-5.38	57.20
0.06	0.98	9.78	-10.00	4.00	-7.56	57.23
0.13	0.95	9.80	-13.31	3.19	-9.44	57.25
-0.01	0.84	9.91	-15.88	2.25	-10.38	57.28
0.04	0.41	9.76	-8.50	2.63	-5.88	57.30
0.00	0.82	9.82	-5.44	1.63	-2.75	57.33
0.01	0.65	9.81	-1.88	0.88	-0.88	57.35
-0.03	0.70	9.82	-1.06	0.88	0.00	57.38
-0.01	0.69	9.74	-1.25	1.63	-0.12	57.40
0.03	0.84	9.75	-1.37	1.44	-0.37	57.43
-0.07	0.72	9.80	-0.44	0.75	0.12	57.46
0.00	0.83	9.77	0.00	0.56	0.44	57.48
0.00	0.86	9.78	-2.13	1.19	-0.06	57.51
-0.06	0.65	9.74	-2.63	1.63	-0.31	57.53
-0.09	0.81	9.84	-1.88	1.31	0.31	57.56
-0.18	0.58	9.87	-1.81	0.88	-0.50	57.58
-0.11	0.61	9.82	-1.75	0.75	-0.37	57.61
-0.10	0.63	9.84	-1.00	0.50	0.12	57.63
-0.13	0.59	9.87	-0.31	0.31	0.50	57.66
-0.14	0.65	9.87	-0.31	0.56	0.37	57.68
-0.09	0.77	9.88	-1.75	0.56	-0.75	57.71
-0.11	0.73	9.85	-1.31	0.81	-0.12	57.73
-0.08	0.68	9.82	-1.31	0.44	-0.50	57.76
-0.09	0.64	9.83	-0.37	0.12	-0.19	57.78
-0.09	0.66	9.85	-0.56	0.19	-0.50	57.81
-0.10	0.58	9.89	-1.88	0.50	-1.19	57.83
-0.15	0.64	9.86	-1.94	0.31	-0.75	57.86
-0.12	0.65	9.87	-0.63	0.25	-0.37	57.88
-0.12	0.66	9.80	0.69	0.06	0.44	57.91
-0.11	0.63	9.82	0.12	0.00	-0.06	57.93
-0.14	0.62	9.81	0.12	0.12	0.00	57.96
-0.11	0.65	9.83	0.06	0.19	-0.06	57.98
-0.13	0.60	9.85	0.00	-0.12	0.00	58.01
-0.11	0.64	9.80	0.12	0.00	0.06	58.03
-0.12	0.65	9.86	0.00	0.00	-0.06	58.06
-0.10	0.61	9.86	0.00	0.06	0.00	58.08
-0.10	0.63	9.80	0.06	0.00	0.12	58.11
-0.14	0.67	9.80	-0.06	0.19	0.00	58.13
-0.14	0.57	9.83	0.00	0.12	-0.12	58.16
-0.11	0.65	9.83	0.00	0.00	-0.06	58.18
-0.10	0.65	9.85	-0.06	-0.12	-0.12	58.21
-0.13	0.63	9.81	0.06	-0.19	-0.12	58.23
-0.17	0.59	9.90	0.37	-0.25	0.00	58.26
-0.14	0.64	9.83	0.06	0.00	0.06	58.28
-0.06	0.70	9.75	0.56	-0.75	-0.19	58.31
-0.17	0.51	9.88	0.63	-0.37	-0.25	58.33
-0.13	0.61	9.84	0.44	-0.94	-0.50	58.36
-0.10	0.61	9.85	0.25	-0.50	-0.44	58.38
-0.06	0.71	9.81	0.06	-0.19	-0.12	58.41
-0.12	0.68	9.78	0.00	0.06	0.06	58.43
0.00	0.51	9.72	1.06	-0.25	0.69	58.46
0.01	0.72	9.76	2.56	-0.94	1.69	58.49
-0.08	0.73	9.87	3.13	-0.75	2.06	58.51
-0.02	0.68	9.80	0.94	-0.94	0.37	58.54
-0.02	0.28	9.75	3.06	-1.31	2.38	58.56
-0.14	0.88	9.90	5.06	-1.00	3.25	58.59
-0.08	0.71	9.90	4.88	-1.19	3.38	58.61
-0.02	0.76	9.81	4.94	-0.88	3.25	58.64
-0.08	0.77	9.75	7.06	-1.12	5.00	58.66
-0.10	0.83	9.89	7.25	-1.50	5.50	58.69
-0.01	0.81	9.92	8.38	-0.31	5.00	58.71
-0.05	0.86	9.82	4.13	-1.12	3.25	58.74
-0.06	0.83	9.87	2.25	-0.88	1.19	58.76
-0.02	0.86	9.79	1.25	-0.56	0.75	58.79
-0.04	0.88	9.81	-0.06	-0.37	-0.31	58.81
-0.05	0.88	9.80	0.06	-0.25	-0.25	58.84
-0.05	0.86	9.77	0.25	-0.44	-0.19	58.86
-0.02	0.87	9.81	-0.06	-0.44	-0.31	58.89
-0.06	0.85	9.82	0.00	0.00	-0.12	58.91
-0.02	0.88	9.81	0.00	-0.19	-0.25	58.94
0.00	0.88	9.79	0.00	-0.12	-0.25	58.96
-0.02	0.85	9.81	1.37	-0.44	0.63	58.99
-0.02	0.87	9.81	1.81	-0.88	1.25	59.01
-0.02	1.00	9.78	2.69	-0.94	1.63	59.04
-0.02	0.94	9.79	0.81	-0.44	0.50	59.06
-0.02	0.89	9.83	-0.19	-0.44	-0.06	59.09
-0.02	0.87	9.84	-0.19	-0.06	-0.25	59.11
-0.03	0.89	9.80	0.00	-0.25	-0.06	59.14
0.00	0.88	9.80	0.19	0.00	0.06	59.16
0.00	0.85	9.80	1.31	-0.37	0.81	59.19
-0.03	0.91	9.80	3.38	-1.31	2.50	59.21
-0.04	0.94	9.78	2.88	-1.06	2.38	59.24
0.02	1.06	9.81	2.13	-0.63	1.63	59.27
0.00	0.94	9.84	0.69	-0.25	0.81	59.29
0.01	0.95	9.81	0.06	-0.31	-0.06	59.31
-0.03	0.91	9.83	0.12	-0.31	-0.12	59.34
0.01	0.92	9.86	0.19	-0.06	-0.19	59.37
0.02	0.83	9.77	0.06	-0.25	-0.12	59.39
-0.06	1.00	9.89	1.63	-0.50	1.25	59.42
-0.04	1.01	9.82	1.56	-0.63	1.12	59.44
0.00	0.99	9.77	1.06	-0.44	0.56	59.47
0.07	0.77	9.74	0.37	-0.19	0.00	59.49
0.04	0.97	9.82	1.63	-0.63	1.00	59.52
0.00	1.07	9.78	0.63	0.00	0.44	59.54
0.00	0.95	9.77	0.00	0.00	-0.31	59.57
0.00	0.93	9.84	0.19	0.06	0.12	59.59
-0.03	0.99	9.82	0.12	-0.31	-0.12	59.62
0.05	1.01	9.78	0.19	-0.06	-0.25	59.64
0.06	1.01	9.80	0.00	-0.06	0.00	59.67
0.04	0.90	9.78	0.12	-0.12	0.19	59.69
0.01	1.05	9.80	3.31	-0.81	2.56	59.72
0.01	1.05	9.78	2.81	-0.88	2.25	59.74
0.04	0.94	9.76	2.81	-0.63	2.13	59.77
0.02	1.02	9.78	0.19	-0.06	0.19	59.79
0.02	1.04	9.79	0.00	-0.06	0.00	59.82
-0.04	1.06	9.82	0.00	0.12	-0.19	59.84
0.09	0.97	9.82	0.00	-0.19	-0.06	59.87
0.02	0.97	9.80	0.00	-0.12	0.00	59.89
0.03	1.04	9.83	0.00	-0.25	0.00	59.92
0.03	1.03	9.79	0.50	0.19	-0.25	59.94
0.03	0.97	9.80	0.63	-0.31	0.44	59.97
0.09	0.99	9.79	0.69	-0.25	0.50	59.99
-0.02	0.98	9.80	1.00	-0.19	0.81	60.02
0.13	1.23	9.78	0.81	-0.31	0.69	60.04
0.03	0.88	9.70	0.19	0.00	0.00	60.07
0.15	0.90	9.71	0.69	-0.37	0.31	60.09
-0.02	0.95	9.84	2.19	-0.63	1.63	60.12
-0.07	1.04	9.81	2.00	-0.50	1.69	60.14
-0.06	1.06	9.74	0.44	-0.44	0.50	60.17
0.05	1.13	9.81	0.19	0.00	0.00	60.19
0.04	0.96	9.83	0.06	0.00	0.06	60.22
0.05	0.99	9.81	0.00	0.06	-0.25	60.24
0.00	1.10	9.83	0.25	-0.19	0.00	60.27
0.01	1.02	9.84	0.25	-0.25	-0.25	60.29
0.05	1.00	9.77	0.06	-0.19	-0.19	60.32
-0.02	1.03	9.80	0.25	-0.06	-0.06	60.35
0.03	0.96	9.79	2.50	-0.56	1.69	60.37
0.07	1.07	9.79	1.19	-0.31	0.94	60.40
0.06	1.09	9.79	-0.12	-0.06	-0.06	60.42
0.01	1.05	9.78	-0.25	-0.19	-0.25	60.45
0.12	1.03	9.80	0.00	-0.06	-0.06	60.47
-0.02	1.01	9.81	-0.06	-0.06	0.00	60.50
-0.01	1.05	9.82	0.06	-0.06	0.06	60.52
0.07	1.00	9.80	0.12	0.12	0.12	60.55
0.05	1.00	9.78	2.00	-0.50	1.31	60.57
0.02	0.99	9.81	1.12	-0.50	0.94	60.60
0.09	1.19	9.83	0.50	-0.19	0.31	60.62
-0.01	1.10	9.85	-0.12	0.06	-0.25	60.65
0.02	1.05	9.82	-0.12	-0.06	-0.19	60.67
0.01	1.05	9.80	0.19	-0.19	0.06	60.70
0.03	1.10	9.82	0.06	-0.06	-0.19	60.72
0.09	1.04	9.80	0.19	0.00	0.06	60.75
0.03	1.06	9.83	-0.12	-0.25	0.00	60.77
0.06	1.09	9.79	-0.06	0.00	-0.12	60.80
0.05	1.03	9.83	-0.06	-0.12	0.00	60.82
0.06	1.05	9.82	-0.06	0.00	0.06	60.85
0.05	1.13	9.76	1.88	-0.25	0.94	60.87
0.05	0.98	9.75	1.25	-0.44	0.50	60.90
0.09	1.15	9.78	0.25	-0.12	0.00	60.92
-0.01	1.10	9.81	0.06	0.12	0.00	60.95
0.05	1.06	9.81	0.00	-0.06	0.00	60.97
0.04	1.04	9.78	0.00	0.12	-0.06	61.00
0.04	1.05	9.80	0.06	0.06	-0.06	61.03
0.01	1.10	9.77	0.06	-0.06	0.06	61.05
0.04	1.06	9.80	0.12	-0.06	-0.06	61.08
0.08	1.13	9.81	0.06	-0.12	-0.06	61.10
0.06	1.06	9.84	0.12	0.12	0.06	61.13
0.04	1.06	9.79	-0.12	-0.25	0.00	61.15
0.04	1.10	9.83	-0.12	0.00	-0.06	61.18
0.03	1.10	9.82	0.06	0.06	0.00	61.20
0.07	1.10	9.73	0.12	0.00	0.00	61.22
0.12	1.09	9.74	0.44	0.00	0.12	61.25
0.11	1.00	9.77	1.81	-0.25	1.25	61.28
0.01	1.22	9.87	1.37	-0.37	1.19	61.30
0.02	1.12	9.80	1.06	-0.37	0.88	61.33
0.01	1.12	9.77	1.19	-0.25	0.88	61.35
0.01	1.14	9.81	0.00	-0.12	0.12	61.38
0.08	1.11	9.78	0.25	-0.06	0.19	61.40
0.08	1.14	9.77	-0.06	-0.12	0.06	61.43
0.08	1.10	9.76	-0.06	-0.06	-0.12	61.45
0.09	1.10	9.81	0.00	0.00	-0.06	61.48
0.09	1.14	9.82	0.12	-0.06	0.06	61.50
0.06	1.08	9.81	0.69	-0.12	0.37	61.53
0.04	1.11	9.81	0.94	-0.12	0.69	61.55
0.03	1.17	9.78	0.75	-0.12	0.44	61.58
0.06	1.10	9.81	0.12	-0.06	0.19	61.60
0.05	1.11	9.77	0.00	0.12	0.00	61.63
0.09	1.21	9.78	0.06	0.12	0.12	61.65
0.04	1.07	9.84	0.12	0.12	0.06	61.68
0.09	1.14	9.76	-0.06	0.19	-0.12	61.70
0.03	1.11	9.87	0.25	0.06	-0.19	61.73
0.05	1.15	9.75	0.06	-0.12	-0.25	61.75
0.11	1.10	9.75	0.25	-0.06	-0.19	61.78
0.06	1.13	9.76	0.06	0.00	0.00	61.80
0.09	1.14	9.77	0.06	-0.06	-0.19	61.83
0.02	1.12	9.77	0.06	0.06	-0.12	61.85
0.11	1.14	9.79	0.00	0.19	-0.06	61.88
0.07	1.11	9.81	0.00	0.12	0.00	61.90
0.07	1.13	9.81	0.06	0.06	0.06	61.93
0.05	1.14	9.77	0.00	0.06	0.00	61.96
0.06	1.10	9.79	0.00	-0.12	-0.06	61.98
0.06	1.12	9.78	0.06	-0.06	0.06	62.01
0.02	1.11	9.83	0.19	0.00	0.31	62.03
0.04	1.16	9.79	0.00	0.00	-0.12	62.06
0.04	1.05	9.82	-0.12	-0.25	0.12	62.08
0.01	1.10	9.81	-0.06	-0.06	0.06	62.11
0.04	1.08	9.73	0.94	-0.12	0.56	62.13
0.01	1.08	9.75	1.81	-0.12	1.25	62.15
0.09	0.93	9.75	1.75	-0.56	1.31	62.18
0.10	1.13	9.76	0.56	0.00	0.37	62.21
0.04	1.17	9.84	-0.25	0.06	-0.31	62.23
0.07	1.20	9.77	-0.06	0.00	-0.06	62.26
0.07	1.13	9.83	0.06	0.19	0.12	62.28
0.05	1.18	9.78	0.12	0.06	-0.19	62.31
0.03	1.18	9.77	-0.06	0.12	0.00	62.33
0.07	1.16	9.78	0.06	-0.06	-0.12	62.36
0.12	1.12	9.75	0.06	-0.06	-0.06	62.38
0.10	1.14	9.76	0.00	0.06	0.00	62.41
0.09	1.15	9.82	0.06	0.00	0.12	62.43
0.05	1.16	9.75	-0.12	0.06	0.00	62.46
0.10	1.14	9.77	0.19	0.06	0.00	62.48
0.09	1.15	9.78	0.12	0.12	0.00	62.51
0.06	1.09	9.80	0.06	0.12	-0.06	62.53
0.04	1.10	9.81	0.06	-0.12	-0.06	62.56
0.02	1.25	9.74	1.37	-0.25	-2.38	62.58
0.13	0.73	9.74	0.19	-0.69	-6.06	62.61
-0.09	2.36	10.20	-5.38	0.69	-10.19	62.63
0.59	1.60	10.11	-26.81	-3.50	-17.56	62.66
0.28	0.75	9.77	-23.87	2.50	-27.06	62.69
0.29	1.31	9.22	-26.81	-1.63	-33.06	62.71
-0.11	0.75	9.73	-28.50	-7.75	-34.56	62.74
-0.34	0.51	9.83	-31.62	-9.00	-39.25	62.76
0.21	0.68	9.99	-35.81	-6.00	-38.19	62.79
0.33	0.31	9.72	-43.69	-8.75	-38.19	62.81
0.18	0.04	9.91	-47.56	-9.38	-35.56	62.84
-0.09	-0.47	9.92	-53.38	-11.13	-35.19	62.86
-0.36	-0.83	10.05	-44.81	-5.56	-26.87	62.88
0.52	0.16	9.25	-31.87	1.19	-10.50	62.91
0.11	-0.80	9.97	-32.63	-2.38	-8.94	62.94
0.53	-0.83	9.89	-26.12	-1.75	-6.38	62.96
0.27	-0.95	9.89	-14.56	-2.44	-1.37	62.99
0.16	-0.83	9.65	-7.75	-1.50	-0.56	63.01
0.34	-0.71	9.70	-6.44	-2.19	2.19	63.04
0.38	-0.84	9.81	-5.94	-2.44	3.13	63.06
0.40	-0.85	9.83	-3.63	-0.94	2.81	63.09
0.38	-0.81	9.70	-3.88	-1.25	2.13	63.11
0.22	-0.94	9.67	-4.75	-2.13	2.44	63.14
0.43	-0.84	9.75	-4.63	-2.25	2.31	63.16
0.21	-1.05	9.84	-3.69	-2.00	1.69	63.19
0.29	-0.86	9.65	-2.50	-1.37	0.63	63.21
0.29	-0.99	9.73	-4.00	-2.19	1.25	63.24
0.35	-1.01	9.73	-3.94	-2.25	1.06	63.26
0.37	-1.04	9.82	-3.19	-1.63	0.75	63.29
0.35	-1.05	9.82	-2.63	-1.44	0.69	63.31
0.37	-0.93	9.70	-3.00	-1.75	0.75	63.34
0.41	-1.00	9.73	-3.19	-1.69	1.25	63.36
0.34	-1.04	9.73	-4.19	-2.31	1.19	63.39
0.43	-1.01	9.70	-2.38	-1.37	0.88	63.41
0.38	-1.09	9.76	-3.88	-2.38	1.00	63.44
0.44	-1.06	9.72	-2.50	-1.50	1.06	63.46
0.38	-1.10	9.78	-1.88	-1.12	0.50	63.49
0.42	-1.08	9.71	-1.63	-1.19	0.50	63.51
0.42	-1.11	9.78	-1.69	-1.19	0.69	63.54
0.42	-1.15	9.78	-1.88	-1.12	0.63	63.56
0.45	-1.13	9.70	-1.37	-0.88	0.31	63.59
0.43	-1.12	9.73	-0.94	-0.37	0.37	63.61
0.40	-1.12	9.70	-2.19	-1.31	0.37	63.64
0.40	-1.17	9.75	-2.56	-1.69	0.50	63.67
0.44	-1.16	9.77	-2.75	-1.81	0.75	63.69
0.46	-1.15	9.77	-1.88	-1.37	0.50	63.72
0.45	-1.17	9.76	-1.31	-0.88	0.37	63.74
0.50	-1.16	9.78	-1.50	-1.06	0.37	63.77
0.48	-1.17	9.73	-1.06	-0.63	0.12	63.79
0.46	-1.19	9.77	-0.75	-0.63	0.25	63.81
0.46	-1.20	9.77	-0.19	-0.25	0.00	63.84
0.46	-1.19	9.76	-0.25	-0.37	-0.12	63.87
0.43	-1.20	9.66	-1.12	-0.75	0.44	63.89
0.46	-1.18	9.73	0.19	-0.12	-0.12	63.92
0.48	-1.19	9.78	0.19	0.00	-0.12	63.94
0.47	-1.16	9.70	0.12	0.06	0.00	63.97
0.46	-1.17	9.70	0.06	0.00	-0.06	63.99
0.47	-1.18	9.73	-0.06	0.00	-0.06	64.02
0.45	-1.17	9.74	0.00	0.06	-0.06	64.04
0.45	-1.19	9.75	-0.06	-0.06	0.00	64.07
0.46	-1.17	9.75	-0.06	-0.12	-0.06	64.09
0.44	-1.18	9.75	0.00	-0.12	0.06	64.12
0.45	-1.20	9.70	0.00	-0.31	0.12	64.14
0.45	-1.18	9.69	0.00	-0.12	-0.06	64.17
0.44	-1.15	9.73	0.00	-0.31	0.00	64.19
0.45	-1.19	9.74	0.00	0.06	-0.12	64.22
0.48	-1.18	9.76	0.06	0.06	-0.06	64.24
0.45	-1.18	9.74	0.00	-0.06	-0.06	64.27
0.46	-1.19	9.75	0.19	0.19	0.00	64.29
0.43	-1.18	9.75	0.06	-0.06	-0.19	64.32
0.46	-1.16	9.74	0.00	-0.19	0.00	64.34
0.45	-1.16	9.71	0.00	0.00	0.00	64.37
0.49	-1.19	9.75	0.37	0.19	-0.06	64.39
0.46	-1.18	9.77	1.69	1.19	-0.50	64.42
0.42	-1.20	9.81	3.56	2.25	-0.50	64.44
0.42	-1.10	9.64	4.63	2.69	-0.31	64.47
0.44	-1.13	9.73	1.94	1.12	0.00	64.50
0.41	-1.13	9.70	1.19	0.75	0.06	64.52
0.41	-1.15	9.74	0.31	0.06	-0.06	64.54
0.47	-1.11	9.77	0.25	0.12	-0.12	64.57
0.42	-1.13	9.73	1.19	0.69	-0.06	64.59
0.45	-1.12	9.77	1.06	0.50	0.06	64.62
0.33	-1.10	9.78	2.06	1.63	-0.12	64.65
0.40	-1.17	9.86	2.75	1.69	-0.19	64.67
0.35	-1.10	9.75	3.88	2.31	-0.12	64.70
0.37	-1.07	9.72	2.75	1.56	-0.37	64.72
0.38	-1.07	9.75	1.44	0.81	-0.25	64.75
0.33	-1.05	9.75	1.56	1.12	-0.12	64.77
0.39	-1.04	9.75	0.19	0.12	-0.12	64.80
0.39	-1.06	9.75	-0.31	-0.19	-0.06	64.82
0.46	-1.00	9.80	1.69	1.00	-0.25	64.85
0.38	-1.00	9.75	3.00	1.63	-0.44	64.87
0.43	-1.03	9.71	2.19	1.19	-0.25	64.90
0.35	-1.00	9.75	2.13	1.37	-0.31	64.92
0.33	-1.03	9.80	1.94	1.12	-0.12	64.95
0.36	-1.03	9.73	1.69	1.00	-0.19	64.97
0.31	-0.99	9.76	1.37	0.81	-0.12	65.00
0.33	-0.98	9.78	0.06	0.06	-0.12	65.02
0.38	-0.99	9.77	2.25	1.63	-0.25	65.05
0.37	-0.98	9.75	3.88	2.31	-0.37	65.07
0.31	-0.96	9.73	4.44	2.50	-0.44	65.10
0.35	-0.93	9.74	3.31	2.00	-0.50	65.12
0.27	-0.91	9.69	1.25	0.69	0.00	65.15
0.36	-0.94	9.80	1.50	0.75	-0.12	65.17
0.28	-0.93	9.80	1.94	1.12	0.00	65.20
0.27	-0.94	9.77	1.19	0.88	-0.19	65.22
0.36	-0.76	9.68	0.06	0.06	0.12	65.25
0.30	-0.94	9.87	0.06	-0.12	-0.06	65.27
0.38	-0.89	9.79	0.50	0.25	0.31	65.30
0.34	-0.89	9.74	0.94	0.50	0.37	65.32
0.27	-0.90	9.78	1.88	1.12	0.31	65.35
0.28	-0.91	9.78	1.69	0.94	0.25	65.37
0.30	-0.93	9.76	1.50	1.06	0.37	65.40
0.32	-0.90	9.80	0.88	0.69	0.31	65.43
0.29	-0.91	9.78	1.00	0.50	0.06	65.45
0.29	-0.88	9.75	1.25	0.81	0.12	65.47
0.28	-0.91	9.84	1.69	1.25	0.12	65.50
0.25	-0.91	9.82	1.44	1.00	0.12	65.52
0.26	-0.84	9.82	1.44	0.81	0.00	65.55
0.26	-0.90	9.78	2.00	1.25	-0.06	65.57
0.25	-0.86	9.72	1.81	1.06	-0.12	65.60
0.25	-0.87	9.82	1.56	0.94	0.06	65.63
0.30	-0.80	9.74	0.56	0.37	0.00	65.65
0.25	-0.89	9.82	0.75	0.37	0.12	65.68
0.28	-0.90	9.84	2.31	1.19	-0.06	65.70
0.20	-0.88	9.83	2.50	1.12	-0.50	65.73
0.23	-0.85	9.81	2.00	0.88	-0.31	65.75
0.26	-0.80	9.74	2.06	1.19	-0.06	65.78
0.24	-0.85	9.71	1.37	0.56	-0.63	65.80
0.20	-0.78	9.81	1.50	0.31	-0.44	65.83
0.22	-0.85	9.81	1.06	0.12	-0.63	65.85
0.27	-0.67	9.72	0.81	-0.31	-0.69	65.88
0.31	-0.69	9.79	0.69	-0.06	-0.75	65.90
0.30	-0.66	9.74	1.56	0.31	-0.44	65.93
0.28	-0.73	9.82	0.88	0.12	-0.31	65.95
0.26	-0.69	9.75	0.37	-0.06	0.00	65.98
0.27	-0.64	9.69	-0.19	-0.25	0.00	66.00
0.23	-0.74	9.80	0.19	-0.25	-0.44	66.03
0.19	-0.76	9.77	0.63	0.00	-0.37	66.05
0.28	-0.84	9.80	0.31	0.00	-0.19	66.08
0.17	-0.68	9.80	0.31	-0.12	-0.19	66.10
0.20	-0.85	9.83	1.31	0.69	-0.19	66.13
0.20	-0.77	9.79	2.00	0.69	-0.63	66.15
0.20	-0.72	9.80	1.50	0.56	-0.31	66.18
0.18	-0.75	9.80	2.06	1.31	0.00	66.20
0.21	-0.80	9.81	1.94	0.94	-0.31	66.23
0.18	-0.73	9.87	1.56	0.50	-0.50	66.25
0.22	-0.66	9.74	1.50	0.50	-0.25	66.28
0.28	-0.69	9.74	1.56	0.94	-0.12	66.31
0.25	-0.70	9.78	0.81	0.37	0.19	66.33
0.23	-0.70	9.75	0.75	0.19	-0.31	66.36
0.21	-0.69	9.75	1.00	0.31	-0.37	66.38
0.20	-0.67	9.78	0.94	0.31	-0.31	66.41
0.29	-0.66	9.81	0.69	0.00	-0.25	66.43
0.17	-0.67	9.81	0.50	-0.06	-0.37	66.46
0.20	-0.61	9.81	0.88	0.19	-0.44	66.48
0.17	-0.73	9.80	0.31	0.12	0.06	66.51
0.20	-0.69	9.76	0.56	0.31	0.12	66.53
0.13	-0.72	9.83	1.56	0.69	0.00	66.56
0.15	-0.70	9.84	1.00	0.37	-0.31	66.58
0.25	-0.67	9.88	0.94	0.44	-0.56	66.61
0.08	-0.73	9.82	1.25	0.56	-0.69	66.63
0.28	-0.69	9.84	1.63	0.69	-0.31	66.66
0.20	-0.64	9.81	1.63	0.44	-0.37	66.68
0.24	-0.63	9.79	0.94	0.37	-0.31	66.71
0.23	-0.58	9.77	1.31	0.31	0.06	66.73
0.18	-0.65	9.80	1.25	0.63	0.00	66.76
0.20	-0.64	9.81	1.25	0.75	0.06	66.78
0.14	-0.61	9.79	0.94	0.56	-0.06	66.81
0.15	-0.59	9.78	0.69	0.19	-0.12	66.83
0.20	-0.65	9.82	0.06	0.00	0.06	66.86
0.22	-0.69	9.81	0.44	0.00	-0.06	66.88
0.15	-0.59	9.81	0.88	0.25	-0.31	66.91
0.15	-0.64	9.79	1.19	0.31	-0.37	66.93
0.16	-0.66	9.79	0.12	-0.19	-0.37	66.96
0.23	-0.65	9.81	0.06	-0.25	-0.56	66.98
0.16	-0.57	9.79	0.06	0.00	-0.44	67.01
0.10	-0.61	9.80	0.06	-0.06	-0.12	67.03
0.22	-0.63	9.80	0.00	-0.12	0.06	67.06
0.26	-0.61	9.79	0.50	0.12	0.00	67.08
0.21	-0.58	9.77	0.06	0.00	0.00	67.11
0.19	-0.58	9.82	0.00	0.00	0.00	67.13
0.21	-0.63	9.82	0.25	0.25	0.06	67.16
0.20	-0.64	9.84	0.44	0.25	-0.19	67.18
0.13	-0.59	9.82	1.19	0.63	-0.19	67.21
0.20	-0.55	9.81	1.56	0.81	-0.06	67.23
0.19	-0.56	9.74	1.94	1.25	0.19	67.26
0.13	-0.59	9.79	0.94	0.37	-0.37	67.29
0.13	-0.62	9.80	0.44	0.06	-0.19	67.31
0.14	-0.54	9.82	0.06	-0.37	-0.25	67.34
0.14	-0.63	9.81	0.12	-0.19	-0.25	67.36
0.20	-0.58	9.81	0.12	-0.37	0.00	67.39
0.16	-0.56	9.83	0.75	0.25	0.19	67.41
0.13	-0.60	9.83	0.56	0.25	0.12	67.44
0.17	-0.56	9.79	0.37	0.12	0.00	67.46
0.18	-0.57	9.79	0.19	-0.12	0.12	67.49
0.12	-0.61	9.86	-0.06	-0.19	-0.19	67.51
0.14	-0.59	9.83	0.12	-0.19	-0.12	67.54
0.12	-0.58	9.88	0.12	-0.06	-0.19	67.56
0.22	-0.54	9.79	0.06	-0.12	0.06	67.59
0.18	-0.58	9.82	0.44	0.31	0.12	67.61
0.16	-0.60	9.87	0.63	0.19	-0.12	67.64
0.11	-0.53	9.78	1.31	0.88	0.12	67.66
0.12	-0.54	9.82	1.19	0.81	0.06	67.69
0.16	-0.58	9.82	1.00	0.56	0.00	67.71
0.12	-0.62	9.80	1.00	0.37	-0.12	67.74
0.20	-0.47	9.81	-0.06	-0.25	-0.06	67.76
0.20	-0.53	9.77	-0.12	-0.44	-0.12	67.79
0.15	-0.53	9.78	0.06	0.25	0.00	67.81
0.11	-0.57	9.86	0.37	0.19	0.00	67.84
0.18	-0.53	9.79	1.37	0.50	-0.06	67.86
0.18	-0.54	9.81	0.94	0.31	-0.06	67.89
0.12	-0.51	9.85	0.50	0.06	-0.12	67.91
0.12	-0.52	9.83	0.25	0.00	0.00	67.94
0.19	-0.56	9.89	0.12	0.00	0.06	67.96
0.14	-0.58	9.81	0.12	0.06	-0.06	67.99
0.15	-0.55	9.81	0.50	0.31	-0.12	68.01
0.14	-0.53	9.79	0.31	0.00	0.00	68.04
0.11	-0.52	9.82	0.12	-0.12	-0.06	68.06
0.06	-0.54	9.82	0.00	-0.06	-0.06	68.09
0.22	-0.58	9.81	0.06	0.12	0.00	68.11
0.10	-0.65	9.83	0.19	0.00	0.00	68.14
0.19	-0.44	9.88	1.06	0.75	0.06	68.17
0.18	-0.45	9.77	0.63	0.44	0.06	68.19
0.22	-0.49	9.79	0.56	0.44	0.06	68.22
0.17	-0.54	9.81	0.00	-0.19	-0.06	68.24
0.14	-0.52	9.85	0.06	0.00	-0.37	68.27
0.20	-0.46	9.84	0.06	-0.19	-0.25	68.29
0.26	-0.36	10.01	-0.06	0.12	-0.12	68.32
0.11	-0.66	9.75	-0.12	0.06	-0.06	68.34
0.10	-0.53	9.96	-0.12	0.00	-0.19	68.37
0.35	-0.43	9.77	0.06	-0.25	0.12	68.39
0.28	-0.29	9.84	0.00	-0.06	-0.06	68.42
0.18	-0.44	9.82	0.19	-0.12	0.12	68.44
0.15	-0.55	9.84	0.06	-0.25	0.19	68.47
0.24	-0.45	9.84	0.12	0.00	-0.06	68.49
0.00	-0.67	9.86	0.06	0.00	0.12	68.52
0.08	-0.57	9.82	0.00	0.06	-0.19	68.54
0.09	-0.65	9.80	0.06	0.19	-0.19	68.57
0.03	-0.61	9.77	0.00	0.00	-0.31	68.59
0.10	-0.57	9.83	-0.06	0.00	0.06	68.62
0.13	-0.57	9.82	-0.06	0.19	0.00	68.64
0.12	-0.49	9.86	-0.06	0.00	-0.12	68.67
0.11	-0.48	9.80	0.06	-0.06	0.19	68.69
0.20	-0.52	9.81	0.06	-0.06	0.06	68.72
0.18	-0.55	9.81	0.00	0.06	0.00	68.74
0.13	-0.52	9.78	0.06	0.06	-0.06	68.77
0.11	-0.47	9.84	0.12	0.00	-0.37	68.79
0.14	-0.56	9.84	0.00	-0.19	-0.12	68.82
0.18	-0.54	9.82	0.12	-0.19	0.12	68.84
0.12	-0.52	9.82	-0.06	-0.06	0.00	68.87
0.12	-0.46	9.89	0.56	0.19	0.19	68.89
0.32	-0.61	9.69	1.75	1.00	0.25	68.92
0.27	-0.28	9.83	1.63	1.00	0.37	68.94
0.20	-0.37	9.85	0.94	0.25	0.25	68.97
0.24	-0.40	9.87	0.31	-0.06	0.06	69.00
0.02	-0.63	9.87	0.56	0.00	-0.06	69.02
0.18	-0.45	9.85	0.12	0.12	-0.12	69.04
0.05	-0.54	9.83	-0.19	-0.06	-0.06	69.07
0.06	-0.58	9.82	0.00	0.12	-0.25	69.10
0.05	-0.57	9.79	0.06	-0.06	-0.19	69.12
0.11	-0.52	9.80	0.00	0.12	0.06	69.15
0.14	-0.51	9.83	0.00	0.06	0.06	69.17
0.07	-0.53	9.83	0.12	-0.12	0.12	69.20
0.20	-0.44	9.80	-0.19	-0.31	0.31	69.22
0.11	-0.52	9.84	-0.12	0.06	-0.12	69.25
0.16	-0.47	9.84	0.06	-0.12	-0.12	69.27
0.15	-0.47	9.82	0.19	0.00	0.00	69.30
0.15	-0.49	9.82	0.19	0.00	-0.12	69.32
0.16	-0.49	9.82	0.00	-0.06	-0.25	69.35
0.12	-0.47	9.84	0.06	0.00	0.06	69.37
0.14	-0.50	9.85	0.06	-0.06	0.00	69.40
0.09	-0.53	9.85	0.06	0.12	-0.06	69.42
0.09	-0.52	9.84	0.19	-0.06	-0.06	69.45
0.11	-0.54	9.81	0.00	0.12	-0.06	69.47
0.09	-0.50	9.79	0.06	-0.19	0.00	69.50
0.10	-0.49	9.85	0.06	0.06	-0.06	69.52
0.12	-0.51	9.84	0.06	0.06	0.06	69.55
0.14	-0.48	9.85	0.12	0.19	-0.19	69.57
0.12	-0.49	9.86	0.06	-0.12	0.06	69.60
0.13	-0.52	9.84	0.06	-0.06	0.00	69.62
0.13	-0.50	9.84	0.00	0.06	0.06	69.65
0.14	-0.50	9.77	-0.12	-0.19	0.06	69.68
0.12	-0.47	9.79	0.06	0.06	0.06	69.70
0.11	-0.51	9.83	0.00	0.12	0.06	69.72
0.13	-0.49	9.84	0.06	0.19	-0.06	69.75
0.12	-0.48	9.86	0.12	0.19	-0.06	69.77
0.15	-0.49	9.80	0.06	-0.12	0.00	69.80
0.09	-0.52	9.87	0.50	0.37	0.12	69.82
0.12	-0.51	9.85	1.00	0.63	0.19	69.85
0.11	-0.50	9.80	1.19	0.75	0.31	69.87
0.11	-0.47	9.86	1.06	0.75	0.25	69.90
0.15	-0.47	9.81	0.56	0.37	0.00	69.93
0.12	-0.49	9.80	-0.06	-0.12	-0.12	69.95
0.09	-0.42	9.83	0.00	0.06	-0.19	69.98
0.09	-0.47	9.81	0.00	0.12	0.06	70.00
0.10	-0.48	9.78	0.06	0.19	-0.12	70.03
0.12	-0.49	9.81	0.06	0.12	0.00	70.05
0.10	-0.47	9.84	0.12	0.06	0.00	70.08
0.11	-0.48	9.83	0.19	0.25	0.06	70.10
0.12	-0.47	9.83	0.06	0.19	-0.06	70.13
0.14	-0.47	9.80	0.12	-0.25	0.06	70.15
0.09	-0.46	9.84	0.12	0.19	-0.12	70.18
0.12	-0.46	9.82	0.00	-0.06	-0.06	70.20
0.10	-0.48	9.82	0.12	-0.06	-0.12	70.23
0.12	-0.46	9.81	-0.06	-0.25	0.06	70.25
0.12	-0.47	9.83	0.06	-0.25	0.00	70.28
0.13	-0.52	9.85	-0.12	0.00	-0.06	70.30
0.09	-0.45	9.84	-0.12	-0.06	-0.06	70.33
0.09	-0.46	9.82	0.06	0.06	0.00	70.35
0.14	-0.46	9.85	0.06	-0.06	0.06	70.38
0.11	-0.47	9.81	0.06	0.00	0.00	70.40
0.14	-0.47	9.81	-0.06	0.12	0.00	70.43
0.12	-0.47	9.83	0.06	0.19	-0.12	70.45
0.12	-0.49	9.84	0.00	0.06	0.12	70.48
0.13	-0.48	9.83	-0.06	-0.12	0.12	70.50
0.09	-0.47	9.86	-0.06	0.00	0.06	70.53
0.13	-0.49	9.82	-0.06	-0.12	0.00	70.55
0.10	-0.48	9.79	0.12	0.06	0.06	70.58
0.11	-0.48	9.83	0.06	0.00	0.00	70.60
0.09	-0.46	9.83	0.00	-0.12	0.06	70.63
0.12	-0.49	9.84	0.06	0.06	-0.06	70.65
0.12	-0.48	9.84	0.06	0.00	0.00	70.68
0.11	-0.49	9.81	0.06	0.19	0.00	70.70
0.12	-0.49	9.84	0.00	0.06	-0.06	70.73
0.13	-0.47	9.81	-0.06	0.06	0.06	70.75
0.13	-0.51	9.82	0.00	-0.19	0.00	70.78
0.13	-0.45	9.80	0.12	0.00	-0.06	70.80
-0.02	-0.43	9.83	0.19	0.25	-0.19	70.83
0.09	-0.43	9.84	-0.12	0.06	0.06	70.86
0.12	-0.48	9.84	-0.06	0.06	0.19	70.88
0.04	-0.53	9.83	0.06	-0.19	-0.06	70.90
0.18	-0.48	9.85	0.06	0.25	-0.06	70.93
0.18	-0.50	9.80	-0.06	-0.19	0.00	70.96
0.17	-0.47	9.80	0.00	-0.06	0.06	70.98
0.12	-0.48	9.86	0.06	0.06	-0.06	71.01
0.14	-0.48	9.83	0.00	-0.12	-0.12	71.03
0.17	-0.49	9.85	0.06	-0.06	0.00	71.06
0.06	-0.47	9.84	0.06	-0.12	0.00	71.08
0.08	-0.46	9.82	-0.06	0.00	0.06	71.11
0.12	-0.48	9.78	-0.06	0.00	0.00	71.13
0.11	-0.48	9.81	0.00	0.12	0.06	71.16
0.09	-0.46	9.81	0.00	0.12	0.00	71.18
0.10	-0.48	9.84	-0.06	0.06	0.12	71.21
0.13	-0.48	9.85	-0.06	-0.12	0.06	71.23
0.10	-0.47	9.83	0.12	0.00	0.00	71.26
0.12	-0.47	9.85	0.06	0.06	-0.12	71.28
0.11	-0.50	9.83	0.06	-0.19	0.00	71.31
0.13	-0.49	9.80	0.06	0.12	0.06	71.33
0.10	-0.47	9.80	-0.06	-0.06	-0.12	71.36
0.13	-0.48	9.82	0.00	-0.06	0.00	71.38
0.11	-0.48	9.80	0.00	-0.19	0.12	71.41
0.11	-0.45	9.84	-0.19	-0.12	0.06	71.43
0.11	-0.45	9.81	0.00	0.12	0.06	71.46
0.11	-0.46	9.75	0.00	0.06	-0.12	71.48
0.12	-0.48	9.81	-0.06	0.00	-0.06	71.51
0.11	-0.49	9.79	0.12	0.19	-0.06	71.54
0.12	-0.49	9.84	0.06	0.00	0.00	71.56
0.13	-0.47	9.79	0.31	0.31	-0.12	71.58
0.11	-0.52	9.85	0.00	0.06	0.00	71.61
0.08	-0.53	9.85	0.00	-0.06	0.06	71.63
0.10	-0.47	9.83	0.06	0.12	0.00	71.66
0.09	-0.47	9.81	-0.06	-0.06	-0.06	71.69
0.14	-0.51	9.83	-0.12	-0.12	0.00	71.71
0.10	-0.48	9.81	0.06	0.00	0.06	71.74
0.12	-0.50	9.82	-0.06	-0.12	0.00	71.76
0.12	-0.45	9.86	0.06	0.00	0.06	71.79
0.12	-0.49	9.85	0.00	0.25	0.00	71.81
0.11	-0.47	9.84	0.06	0.12	0.06	71.84
0.10	-0.45	9.84	0.00	0.00	0.06	71.86
0.11	-0.47	9.82	0.00	0.00	0.25	71.89
0.14	-0.49	9.81	0.00	0.06	0.06	71.91
0.11	-0.50	9.84	0.06	0.00	0.12	71.94
0.15	-0.46	9.81	0.19	0.06	0.00	71.96
0.09	-0.47	9.85	0.00	0.12	0.06	71.99
0.09	-0.51	9.80	-0.12	-0.06	0.06	72.01
0.08	-0.48	9.63	-0.12	-0.06	0.00	72.04
0.17	-0.93	10.79	-0.44	-0.31	-0.25	72.06
0.36	-0.12	9.94	0.12	0.06	-0.25	72.09
0.04	-0.48	10.29	0.12	0.00	0.06	72.11
-0.11	-0.85	9.75	0.19	0.44	0.00	72.14
0.20	-0.43	9.87	0.00	-0.12	-0.06	72.16
0.16	-0.33	9.89	-0.12	-0.19	0.00	72.19
0.08	-0.24	9.78	0.06	0.06	-0.19	72.21
0.10	-0.59	9.77	0.12	0.19	-0.31	72.24
0.12	-0.62	9.81	0.00	0.12	-0.06	72.26
0.13	-0.36	9.80	0.06	0.06	0.06	72.29
0.05	-0.59	9.87	-0.06	0.12	-0.19	72.31
0.13	-0.53	9.86	0.25	0.19	-0.06	72.34
0.14	-0.44	9.81	-0.12	-0.06	0.12	72.36
0.11	-0.47	9.87	0.00	0.06	0.19	72.39
0.09	-0.42	9.81	0.12	0.00	-0.06	72.41
0.11	-0.46	9.81	0.06	0.06	0.06	72.44
0.13	-0.49	9.83	-0.06	0.06	0.00	72.46
0.13	-0.45	9.83	0.06	0.06	0.00	72.49
0.10	-0.47	9.83	0.12	0.12	-0.19	72.51
0.10	-0.47	9.84	0.00	0.00	0.06	72.54
0.13	-0.47	9.84	0.06	0.19	0.12	72.56
0.10	-0.45	9.76	0.06	0.00	0.00	72.59
0.12	-0.46	9.81	-0.06	0.00	0.12	72.61
0.09	-0.49	9.83	0.06	0.06	0.00	72.64
0.13	-0.45	9.80	0.06	0.12	-0.12	72.67
0.12	-0.46	9.81	0.00	0.12	0.06	72.69
0.08	-0.54	9.83	0.00	-0.12	-0.06	72.72
0.13	-0.46	9.83	0.06	-0.06	0.00	72.74
0.13	-0.46	9.86	0.00	0.19	0.00	72.77
0.11	-0.44	9.76	0.00	-0.12	0.00	72.79
0.14	-0.49	9.82	0.00	0.00	0.00	72.82
0.14	-0.48	9.84	0.00	-0.12	0.12	72.84
0.12	-0.47	9.82	-0.06	0.06	-0.12	72.87
0.07	-0.50	9.85	0.12	-0.06	-0.06	72.89
0.09	-0.48	9.83	0.00	0.00	0.00	72.92
0.12	-0.47	9.82	0.06	-0.12	-0.19	72.94
0.12	-0.51	9.84	-0.19	-0.19	-0.06	72.97
0.09	-0.46	9.77	-0.12	-0.06	-0.12	72.99
0.08	-0.48	9.84	0.19	0.06	-0.06	73.02
0.11	-0.53	9.82	0.00	-0.12	-0.06	73.04
0.11	-0.51	9.81	0.12	-0.06	0.19	73.07
0.09	-0.44	9.84	0.12	0.12	-0.06	73.09
0.10	-0.45	9.83	0.06	0.19	-0.12	73.12
0.13	-0.49	9.77	0.06	0.00	-0.06	73.14
0.13	-0.49	9.82	-0.06	-0.12	0.00	73.17
0.07	-0.52	9.82	0.00	-0.19	0.00	73.19
0.11	-0.45	9.81	-0.06	0.00	-0.06	73.22
0.11	-0.51	9.85	0.00	0.00	-0.12	73.24
0.10	-0.52	9.80	0.00	-0.06	0.00	73.27
0.13	-0.43	9.84	0.00	-0.06	0.06	73.29
0.07	-0.58	9.82	0.00	0.00	0.06	73.32
0.08	-0.44	9.83	0.00	0.00	0.00	73.34
0.08	-0.43	9.80	0.00	0.00	-0.06	73.37
0.13	-0.51	9.85	-0.06	0.06	0.12	73.40
0.12	-0.52	9.83	0.06	0.19	-0.25	73.42
0.13	-0.45	9.87	0.00	-0.12	0.06	73.45
0.07	-0.49	9.80	0.06	0.06	-0.06	73.47
0.11	-0.47	9.83	0.06	0.00	-0.06	73.50
0.13	-0.46	9.82	0.06	0.06	0.00	73.52
0.11	-0.49	9.83	0.19	0.00	0.00	73.55
0.13	-0.49	9.81	-0.12	0.06	0.00	73.57
0.11	-0.48	9.87	-0.06	-0.19	0.00	73.60
0.11	-0.47	9.83	0.00	0.00	-0.12	73.62
0.10	-0.53	9.83	0.06	-0.19	0.00	73.65
0.11	-0.48	9.82	0.00	-0.06	0.00	73.67
0.09	-0.47	9.77	0.19	0.19	-0.12	73.70
0.10	-0.48	9.79	0.00	0.00	-0.06	73.72
0.12	-0.51	9.82	0.06	0.19	0.00	73.75
0.09	-0.50	9.81	0.06	0.00	-0.06	73.77
0.11	-0.45	9.86	-0.19	0.00	0.00	73.80
0.09	-0.46	9.83	0.00	-0.06	0.00	73.82
0.13	-0.47	9.86	-0.06	-0.12	-0.06	73.85
0.16	-0.48	9.82	-0.06	-0.06	0.00	73.87
0.11	-0.45	9.81	0.06	0.06	-0.06	73.90
0.12	-0.47	9.80	-0.06	-0.06	-0.06	73.92
0.13	-0.52	9.82	-0.12	0.00	0.06	73.95
0.15	-0.47	9.84	0.00	-0.06	0.00	73.97
0.08	-0.43	9.82	0.06	0.06	0.00	74.00
