0.65	0.58	9.74	-0.06	0.06	0.06	58842.15
0.70	0.60	9.77	0.12	0.19	0.06	58842.17
0.70	0.57	9.72	0.12	-0.06	0.00	58842.19
0.72	0.58	9.76	0.00	0.06	-0.12	58842.21
0.70	0.59	9.76	0.12	0.12	-0.12	58842.23
0.67	0.59	9.76	0.00	0.00	0.06	58842.25
0.64	0.60	9.76	0.12	0.00	-0.06	58842.27
0.66	0.58	9.71	0.12	0.12	0.00	58842.29
0.67	0.60	9.79	0.00	0.19	0.00	58842.31
0.70	0.62	9.75	0.00	0.19	-0.06	58842.33
0.71	0.61	9.74	0.06	0.06	0.00	58842.35
0.70	0.59	9.80	0.00	0.06	-0.12	58842.37
0.67	0.61	9.72	0.12	0.06	-0.12	58842.39
0.66	0.57	9.74	-0.06	0.06	0.12	58842.41
0.67	0.57	9.72	-0.12	0.00	-0.19	58842.43
0.70	0.59	9.76	-0.12	0.00	0.06	58842.46
0.72	0.57	9.74	0.12	0.19	0.00	58842.47
0.69	0.58	9.72	0.25	0.25	-0.06	58842.50
0.67	0.59	9.77	0.00	-0.06	0.06	58842.51
0.66	0.58	9.79	0.00	-0.06	0.00	58842.53
0.67	0.58	9.74	0.12	-0.12	-0.06	58842.55
0.69	0.60	9.76	0.12	0.06	-0.06	58842.57
0.70	0.61	9.73	0.12	0.00	0.00	58842.60
0.70	0.61	9.75	-0.06	0.00	-0.06	58842.62
0.67	0.59	9.77	-0.06	-0.19	0.06	58842.64
0.67	0.60	9.74	0.00	-0.12	-0.12	58842.66
0.68	0.59	9.81	-0.12	0.00	0.00	58842.67
0.69	0.58	9.69	-0.06	0.06	-0.06	58842.69
0.68	0.59	9.77	-0.06	-0.19	-0.06	58842.71
0.72	0.59	9.80	0.00	0.00	0.00	58842.73
0.72	0.60	9.74	-0.06	-0.19	0.00	58842.76
0.67	0.59	9.72	0.06	0.00	0.06	58842.78
0.68	0.62	9.71	0.12	0.00	-0.12	58842.80
0.67	0.57	9.76	-0.06	0.00	0.06	58842.82
0.68	0.59	9.78	0.00	-0.12	0.06	58842.83
0.70	0.59	9.71	0.00	-0.06	0.19	58842.85
0.68	0.58	9.77	-0.06	-0.06	-0.06	58842.87
0.70	0.58	9.77	0.00	0.06	-0.06	58842.89
0.71	0.57	9.76	0.19	0.12	-0.06	58842.91
0.69	0.54	9.78	0.06	0.12	-0.06	58842.94
0.67	0.57	9.76	0.12	0.00	0.12	58842.96
0.67	0.59	9.76	0.00	-0.12	-0.06	58842.98
0.70	0.59	9.74	0.06	0.06	-0.25	58843.00
0.70	0.61	9.75	-0.12	-0.19	0.12	58843.01
0.74	0.58	9.79	0.06	-0.12	0.00	58843.03
0.70	0.57	9.75	0.00	-0.12	0.06	58843.05
0.67	0.59	9.79	0.06	-0.06	-0.12	58843.08
0.65	0.59	9.74	0.00	0.00	-0.06	58843.10
0.67	0.60	9.75	0.06	-0.06	-0.06	58843.12
0.70	0.61	9.77	-0.19	0.00	0.12	58843.14
0.67	0.58	9.72	0.12	0.12	-0.06	58843.16
0.67	0.57	9.76	0.00	0.06	0.00	58843.18
0.68	0.55	9.71	0.00	-0.12	0.00	58843.20
0.68	0.58	9.78	-0.06	-0.06	0.06	58843.21
0.69	0.57	9.81	0.12	-0.12	-0.12	58843.24
0.71	0.60	9.76	0.00	-0.19	-0.12	58843.26
0.70	0.59	9.80	0.00	0.00	-0.12	58843.28
0.69	0.59	9.71	-0.06	0.00	-0.06	58843.30
0.69	0.59	9.76	-0.06	-0.06	0.00	58843.32
0.68	0.57	9.76	0.00	0.06	-0.06	58843.34
0.69	0.58	9.72	0.00	0.12	-0.12	58843.36
0.69	0.59	9.74	0.06	0.00	0.00	58843.38
0.69	0.59	9.71	-0.06	0.19	0.00	58843.40
0.70	0.58	9.79	0.06	0.06	0.06	58843.42
0.70	0.56	9.78	0.00	-0.06	-0.06	58843.44
0.65	0.60	9.75	0.06	0.12	-0.12	58843.46
0.68	0.59	9.81	0.12	0.06	0.00	58843.48
0.64	0.59	9.70	-0.06	0.00	-0.06	58843.50
0.68	0.59	9.77	-0.06	0.00	-0.12	58843.52
0.69	0.59	9.75	-0.06	-0.19	-0.06	58843.54
0.69	0.58	9.73	0.00	-0.06	0.12	58843.56
0.73	0.57	9.76	0.00	-0.06	0.00	58843.58
0.71	0.54	9.69	0.00	-0.06	0.06	58843.60
0.71	0.57	9.80	0.06	0.00	0.00	58843.62
0.69	0.62	9.77	0.00	-0.06	-0.06	58843.64
0.65	0.67	9.72	0.06	-0.31	-0.06	58843.66
0.68	0.57	9.78	-0.12	-0.19	0.00	58843.68
0.69	0.61	9.71	0.19	-0.12	0.06	58843.70
0.68	0.59	9.74	0.06	-0.12	0.19	58843.72
0.70	0.59	9.76	-0.06	-0.19	-0.19	58843.74
0.69	0.60	9.77	0.06	-0.12	0.06	58843.76
0.67	0.57	9.78	0.00	-0.12	0.06	58843.78
0.68	0.58	9.70	-0.06	-0.06	0.06	58843.80
0.68	0.57	9.78	0.00	-0.12	0.00	58843.82
0.68	0.62	9.78	0.12	0.19	-0.12	58843.84
0.70	0.61	9.75	0.12	-0.06	0.00	58843.86
0.66	0.59	9.77	-0.12	-0.31	0.12	58843.88
0.67	0.60	9.73	-0.12	-0.19	-0.19	58843.90
0.67	0.59	9.75	0.00	-0.12	-0.19	58843.92
0.72	0.59	9.76	0.06	-0.12	-0.12	58843.94
0.70	0.58	9.76	0.06	-0.06	-0.06	58843.96
0.70	0.58	9.80	0.06	0.06	-0.06	58843.98
0.70	0.58	9.70	0.12	-0.12	0.00	58844.00
0.68	0.61	9.77	0.06	-0.06	0.00	58844.02
0.67	0.61	9.81	-0.12	-0.06	-0.25	58844.04
0.69	0.61	9.76	0.00	-0.06	0.06	58844.06
0.69	0.57	9.77	0.06	0.00	0.12	58844.08
0.70	0.58	9.72	0.00	-0.06	0.00	58844.10
0.70	0.60	9.80	0.06	-0.19	0.12	58844.12
0.70	0.61	9.75	0.06	0.00	0.00	58844.14
0.70	0.59	9.75	0.06	0.12	0.06	58844.16
0.69	0.59	9.80	-0.06	-0.12	0.12	58844.18
0.66	0.60	9.71	-0.12	0.00	0.00	58844.20
0.67	0.60	9.79	-0.12	-0.12	0.06	58844.22
0.67	0.59	9.75	0.00	-0.06	0.12	58844.24
0.70	0.61	9.70	0.00	-0.06	0.00	58844.26
0.70	0.57	9.73	-0.06	-0.12	0.00	58844.28
0.72	0.58	9.69	0.00	0.06	0.12	58844.30
0.68	0.59	9.79	0.00	-0.19	0.06	58844.32
0.67	0.61	9.79	0.00	-0.12	0.12	58844.34
0.69	0.58	9.73	0.00	-0.06	0.06	58844.36
0.71	0.61	9.80	0.00	0.00	0.12	58844.38
0.71	0.59	9.69	0.12	0.00	0.00	58844.40
0.68	0.60	9.78	0.00	0.00	0.00	58844.42
0.69	0.57	9.78	0.00	0.06	0.12	58844.45
0.68	0.57	9.71	0.19	0.06	0.12	58844.47
0.67	0.58	9.77	-0.06	0.00	0.00	58844.49
0.67	0.58	9.69	0.06	0.12	-0.12	58844.51
0.71	0.60	9.78	0.00	0.06	0.00	58844.53
0.69	0.60	9.76	-0.06	-0.06	0.12	58844.55
0.71	0.61	9.73	-0.06	-0.12	0.00	58844.57
0.70	0.60	9.73	0.06	0.00	0.06	58844.59
0.68	0.58	9.69	-0.06	-0.06	-0.06	58844.61
0.73	0.58	9.80	0.00	0.06	-0.12	58844.63
0.72	0.57	9.77	-0.06	0.06	0.00	58844.65
0.70	0.59	9.72	0.12	-0.06	0.00	58844.67
0.66	0.61	9.79	-0.06	0.12	-0.06	58844.69
0.67	0.60	9.72	0.12	0.06	-0.06	58844.71
0.67	0.59	9.75	0.12	-0.06	0.00	58844.73
0.69	0.60	9.78	0.00	0.00	-0.12	58844.75
0.70	0.60	9.73	-0.06	-0.12	0.06	58844.77
0.69	0.58	9.76	-0.19	-0.06	-0.06	58844.79
0.68	0.58	9.74	0.06	0.00	-0.06	58844.81
0.69	0.58	9.75	0.06	0.19	0.12	58844.83
0.67	0.58	9.81	0.06	0.19	0.06	58844.85
0.67	0.57	9.70	0.19	0.25	0.00	58844.87
0.68	0.59	9.81	0.06	0.06	-0.06	58844.89
0.71	0.58	9.74	-0.06	-0.06	0.06	58844.91
0.68	0.60	9.75	0.00	-0.06	-0.12	58844.93
0.69	0.59	9.75	-0.12	-0.12	0.06	58844.95
0.69	0.59	9.75	0.06	-0.06	0.00	58844.97
0.68	0.61	9.80	0.06	0.12	0.00	58844.99
0.69	0.60	9.66	0.06	0.19	0.00	58845.01
0.70	0.61	9.76	0.00	0.00	0.00	58845.03
0.70	0.58	9.78	0.06	0.31	0.00	58845.05
0.70	0.60	9.76	0.06	0.12	0.06	58845.07
0.66	0.59	9.80	-0.12	-0.06	0.00	58845.09
0.68	0.57	9.69	-0.12	0.19	-0.31	58845.11
0.70	0.61	9.75	-0.06	0.00	0.00	58845.13
0.69	0.58	9.77	-0.12	-0.06	0.06	58845.15
0.71	0.58	9.72	0.06	0.00	-0.06	58845.17
0.68	0.59	9.77	0.00	0.19	-0.12	58845.19
0.72	0.61	9.70	-0.12	0.12	-0.25	58845.21
0.68	0.58	9.77	-0.06	0.00	-0.06	58845.23
0.68	0.58	9.70	-0.06	-0.12	0.06	58845.25
0.67	0.60	9.74	-0.12	0.00	0.00	58845.27
0.68	0.58	9.82	0.06	0.00	-0.06	58845.29
0.72	0.60	9.68	-0.12	-0.12	-0.06	58845.31
0.68	0.60	9.76	-0.12	-0.19	0.00	58845.33
0.69	0.58	9.77	-0.19	-0.19	0.06	58845.35
0.67	0.57	9.72	-0.06	-0.12	0.06	58845.37
0.70	0.58	9.81	-0.12	-0.12	-0.06	58845.39
0.68	0.58	9.76	-0.06	-0.06	-0.06	58845.41
0.67	0.59	9.82	-0.12	-0.12	-0.06	58845.43
0.68	0.59	9.78	-0.06	-0.12	-0.06	58845.45
0.67	0.62	9.74	-0.06	-0.06	0.00	58845.47
0.69	0.59	9.74	-0.06	0.06	-0.06	58845.49
0.70	0.59	9.73	-0.06	0.06	-0.06	58845.51
0.71	0.59	9.78	0.06	0.12	0.00	58845.53
0.69	0.59	9.74	0.06	0.06	-0.12	58845.55
0.70	0.62	9.71	-0.06	0.06	0.06	58845.57
0.67	0.57	9.79	0.00	0.00	-0.25	58845.59
0.67	0.56	9.71	0.00	0.06	-0.12	58845.62
0.68	0.59	9.79	0.00	0.00	0.00	58845.63
0.68	0.58	9.79	0.00	-0.12	0.06	58845.66
0.70	0.59	9.72	0.06	0.00	-0.06	58845.67
0.68	0.59	9.78	-0.12	-0.19	0.12	58845.69
0.68	0.60	9.69	0.00	0.12	-0.06	58845.71
0.67	0.58	9.75	-0.12	0.00	0.06	58845.73
0.69	0.59	9.79	0.06	-0.06	-0.06	58845.75
0.69	0.56	9.71	-0.06	-0.06	-0.06	58845.78
0.68	0.60	9.80	0.00	0.12	0.00	58845.80
0.69	0.59	9.72	-0.06	0.12	-0.06	58845.82
0.70	0.57	9.79	0.06	0.00	-0.12	58845.83
0.69	0.58	9.77	-0.06	0.00	-0.12	58845.85
0.69	0.61	9.74	0.12	0.19	-0.19	58845.87
0.68	0.60	9.78	0.06	-0.06	-0.06	58845.89
0.69	0.60	9.75	-0.19	0.00	0.00	58845.91
0.68	0.58	9.75	0.00	-0.19	-0.06	58845.94
0.70	0.59	9.77	-0.06	0.06	0.00	58845.96
0.69	0.61	9.74	-0.06	0.00	-0.06	58845.98
0.66	0.59	9.80	0.00	-0.12	0.06	58846.00
0.70	0.59	9.71	-0.06	0.06	-0.06	58846.01
0.69	0.58	9.75	-0.12	-0.12	0.00	58846.03
0.69	0.57	9.77	-0.12	-0.31	0.12	58846.05
0.69	0.60	9.78	0.06	-0.06	0.00	58846.07
0.70	0.58	9.78	0.00	0.12	0.12	58846.10
0.69	0.60	9.69	0.06	0.00	-0.06	58846.12
0.68	0.59	9.78	0.06	0.12	0.06	58846.14
0.68	0.58	9.79	-0.06	0.00	0.12	58846.16
0.68	0.61	9.73	0.12	0.00	0.00	58846.17
0.71	0.61	9.81	0.00	0.12	0.19	58846.19
0.69	0.61	9.74	0.00	0.19	0.00	58846.21
0.70	0.58	9.76	0.00	0.06	0.06	58846.23
0.68	0.59	9.74	0.00	0.06	0.12	58846.26
0.67	0.63	9.73	0.06	0.06	0.06	58846.28
0.68	0.57	9.82	0.00	0.06	0.00	58846.30
0.69	0.57	9.69	0.06	0.00	0.19	58846.32
0.69	0.58	9.76	-0.06	0.00	0.06	58846.33
0.68	0.59	9.79	-0.06	-0.12	0.25	58846.36
0.68	0.59	9.73	0.12	0.00	-0.12	58846.38
0.68	0.58	9.74	0.06	0.06	-0.12	58846.40
0.67	0.60	9.73	-0.06	-0.06	0.00	58846.41
0.70	0.57	9.77	-0.06	-0.06	0.12	58846.44
0.68	0.59	9.76	-0.06	0.00	0.12	58846.46
0.68	0.58	9.73	0.06	0.06	-0.06	58846.48
0.69	0.62	9.77	-0.12	-0.12	0.06	58846.50
0.70	0.59	9.75	-0.06	-0.06	0.06	58846.52
0.69	0.60	9.73	0.12	0.19	-0.06	58846.54
0.69	0.60	9.79	0.00	0.06	0.06	58846.56
0.68	0.59	9.74	0.00	0.12	0.12	58846.58
0.67	0.60	9.74	0.06	0.00	0.06	58846.60
0.68	0.58	9.69	0.00	0.12	-0.06	58846.62
0.69	0.61	9.78	0.06	0.06	0.00	58846.64
0.73	0.60	9.75	0.06	0.12	0.00	58846.66
0.69	0.57	9.70	0.06	-0.06	0.00	58846.68
0.67	0.61	9.79	0.00	0.12	0.00	58846.70
0.68	0.57	9.72	-0.12	-0.19	0.19	58846.72
0.68	0.59	9.81	0.06	0.06	0.00	58846.74
0.67	0.59	9.72	0.12	0.19	0.00	58846.76
0.69	0.60	9.75	-0.12	-0.12	0.25	58846.78
0.67	0.60	9.76	0.00	-0.06	0.12	58846.80
0.68	0.61	9.72	-0.06	-0.12	-0.12	58846.82
0.68	0.60	9.81	0.00	0.12	0.00	58846.84
0.68	0.58	9.77	-0.06	0.06	0.06	58846.86
0.70	0.60	9.74	0.00	0.00	-0.06	58846.88
0.69	0.58	9.78	0.06	0.06	-0.12	58846.90
0.65	0.58	9.72	0.06	-0.25	-0.12	58846.92
0.69	0.57	9.79	-0.06	0.00	0.00	58846.94
0.69	0.61	9.73	0.06	0.19	-0.06	58846.96
0.71	0.63	9.72	-0.06	-0.06	0.06	58846.98
0.71	0.58	9.76	-0.06	0.00	0.06	58847.00
0.68	0.57	9.68	0.06	0.12	-0.19	58847.02
0.68	0.59	9.79	0.00	-0.25	0.00	58847.04
0.68	0.58	9.78	0.06	0.12	-0.06	58847.06
0.67	0.61	9.74	0.06	0.12	-0.19	58847.08
0.69	0.61	9.79	0.00	0.06	-0.12	58847.10
0.71	0.61	9.72	-0.06	-0.12	0.06	58847.12
0.72	0.61	9.75	0.06	0.00	0.06	58847.14
0.70	0.58	9.77	0.00	-0.12	0.06	58847.16
0.69	0.58	9.71	-0.25	-0.19	-0.12	58847.18
0.69	0.59	9.82	-0.12	0.00	0.06	58847.20
0.69	0.62	9.74	0.12	0.00	-0.12	58847.22
0.70	0.59	9.77	0.19	0.19	-0.12	58847.24
0.72	0.59	9.81	0.06	0.06	-0.12	58847.26
0.70	0.59	9.71	-0.06	-0.12	0.06	58847.28
0.68	0.60	9.73	0.12	0.19	-0.06	58847.30
0.70	0.61	9.74	0.00	0.00	-0.06	58847.32
0.67	0.60	9.76	0.06	-0.06	-0.06	58847.34
0.69	0.60	9.75	0.00	-0.06	0.06	58847.36
0.68	0.61	9.70	0.00	0.06	-0.06	58847.38
0.69	0.61	9.79	0.00	-0.06	-0.06	58847.40
0.70	0.59	9.73	0.06	-0.06	-0.06	58847.42
0.68	0.61	9.77	-0.06	0.06	0.00	58847.44
0.71	0.61	9.80	0.06	-0.06	0.06	58847.46
0.70	0.60	9.73	0.06	0.00	-0.12	58847.48
0.68	0.58	9.73	0.06	0.06	0.12	58847.50
0.68	0.60	9.73	0.06	0.06	-0.06	58847.52
0.67	0.60	9.75	0.00	-0.19	0.00	58847.54
0.69	0.58	9.78	0.00	0.00	-0.12	58847.56
0.69	0.60	9.71	0.00	-0.12	0.06	58847.58
0.67	0.59	9.78	0.00	-0.12	-0.06	58847.60
0.67	0.58	9.70	-0.06	-0.06	0.00	58847.62
0.69	0.59	9.78	-0.12	-0.25	-0.06	58847.65
0.69	0.59	9.69	0.06	-0.06	0.06	58847.66
0.68	0.59	9.74	0.06	0.19	-0.12	58847.69
0.70	0.62	9.77	0.12	-0.12	0.06	58847.71
0.69	0.58	9.72	0.06	0.00	0.00	58847.73
0.70	0.58	9.79	0.12	0.12	-0.06	58847.75
0.68	0.58	9.80	-0.06	0.06	-0.12	58847.77
0.69	0.61	9.73	-0.06	0.12	0.00	58847.79
0.69	0.57	9.80	0.00	0.00	-0.12	58847.81
0.70	0.59	9.71	0.06	-0.12	-0.06	58847.82
0.70	0.61	9.77	-0.06	0.12	0.06	58847.85
0.68	0.59	9.74	-0.06	0.00	0.06	58847.87
0.69	0.61	9.73	0.00	0.06	0.00	58847.89
0.70	0.59	9.76	0.12	0.12	-0.12	58847.91
0.67	0.59	9.71	0.19	0.12	-0.12	58847.93
0.68	0.61	9.78	0.06	0.00	-0.19	58847.95
0.68	0.58	9.81	0.06	0.19	0.00	58847.97
0.68	0.60	9.74	0.12	0.06	-0.12	58847.99
0.71	0.58	9.80	0.12	0.12	0.00	58848.01
0.69	0.58	9.74	0.06	0.12	0.00	58848.03
0.68	0.57	9.77	0.12	0.25	0.00	58848.05
0.65	0.59	9.76	-0.06	-0.06	-0.06	58848.07
0.67	0.58	9.72	-0.06	-0.12	0.06	58848.09
0.69	0.57	9.79	-0.12	0.06	0.00	58848.11
0.70	0.60	9.69	-0.06	0.06	0.12	58848.13
0.70	0.58	9.76	0.06	-0.19	0.00	58848.15
0.70	0.58	9.79	-0.06	0.19	0.00	58848.17
0.67	0.56	9.72	0.06	0.25	-0.12	58848.19
0.68	0.60	9.75	-0.06	-0.06	0.00	58848.21
0.67	0.58	9.73	-0.06	0.00	-0.06	58848.23
0.70	0.60	9.76	-0.12	-0.06	0.00	58848.25
0.70	0.59	9.76	0.06	0.06	-0.06	58848.27
0.69	0.60	9.71	0.06	-0.12	0.00	58848.29
0.68	0.60	9.81	0.00	0.12	-0.19	58848.31
0.67	0.60	9.74	0.12	0.12	-0.12	58848.33
0.67	0.60	9.78	0.00	-0.19	0.00	58848.35
0.69	0.57	9.82	0.06	-0.12	-0.06	58848.37
0.69	0.59	9.72	0.06	0.00	0.00	58848.39
0.69	0.59	9.77	0.06	0.00	0.06	58848.41
0.67	0.60	9.69	0.12	0.00	-0.19	58848.43
0.68	0.62	9.77	0.00	0.12	-0.06	58848.45
0.66	0.59	9.76	0.00	0.06	0.00	58848.47
0.69	0.58	9.72	-0.06	-0.12	0.06	58848.49
0.71	0.57	9.79	0.12	-0.06	0.06	58848.51
0.68	0.60	9.75	0.00	-0.12	-0.19	58848.53
0.67	0.59	9.80	0.19	0.12	0.00	58848.55
0.68	0.57	9.73	0.06	-0.06	-0.06	58848.57
0.68	0.58	9.76	-0.06	-0.12	0.06	58848.59
0.69	0.57	9.77	-0.06	-0.19	0.06	58848.61
0.69	0.59	9.70	0.00	-0.06	-0.06	58848.63
0.69	0.58	9.78	0.06	-0.12	0.06	58848.65
0.68	0.58	9.77	0.06	0.06	0.00	58848.67
0.70	0.59	9.76	0.06	0.12	-0.06	58848.69
0.70	0.59	9.78	0.00	0.12	-0.06	58848.71
0.70	0.60	9.74	0.06	-0.12	-0.06	58848.73
0.70	0.61	9.76	-0.12	-0.12	-0.12	58848.75
0.68	0.60	9.75	0.06	0.12	-0.12	58848.77
0.69	0.58	9.72	0.06	0.19	-0.06	58848.79
0.68	0.60	9.77	0.12	0.06	0.06	58848.81
0.70	0.58	9.72	0.06	0.00	0.06	58848.83
0.67	0.58	9.77	-0.06	-0.06	0.00	58848.85
0.71	0.59	9.79	-0.12	0.00	0.06	58848.87
0.70	0.57	9.73	0.12	0.06	-0.06	58848.89
0.69	0.59	9.82	0.06	0.12	0.00	58848.91
0.70	0.61	9.73	0.06	0.00	-0.06	58848.93
0.69	0.60	9.76	0.00	-0.06	-0.12	58848.95
0.67	0.59	9.76	0.12	0.00	-0.12	58848.97
0.68	0.57	9.71	0.06	-0.12	-0.06	58848.99
0.69	0.58	9.78	0.12	0.06	0.06	58849.01
0.68	0.59	9.74	0.00	0.00	0.00	58849.03
0.69	0.57	9.75	0.00	-0.06	0.00	58849.05
0.69	0.60	9.79	-0.19	-0.06	0.06	58849.07
0.68	0.57	9.77	0.19	0.06	-0.06	58849.10
0.67	0.58	9.75	0.12	0.25	0.00	58849.12
0.69	0.59	9.70	-0.06	0.00	-0.12	58849.14
0.70	0.59	9.76	0.00	0.12	0.00	58849.16
0.71	0.62	9.76	0.19	0.12	-0.06	58849.17
0.70	0.60	9.69	-0.06	-0.06	-0.06	58849.19
0.67	0.59	9.81	0.06	-0.06	0.00	58849.21
0.66	0.57	9.75	0.00	0.00	-0.06	58849.23
0.66	0.60	9.77	-0.12	0.00	-0.06	58849.26
0.68	0.58	9.81	-0.06	0.06	0.12	58849.28
0.71	0.61	9.72	-0.06	0.00	-0.06	58849.30
0.67	0.61	9.73	0.12	0.00	-0.06	58849.32
0.67	0.59	9.69	-0.06	0.12	0.00	58849.33
0.66	0.58	9.82	0.00	0.19	0.00	58849.35
0.67	0.59	9.78	0.00	0.12	-0.12	58849.37
0.68	0.59	9.72	0.06	0.00	-0.06	58849.39
0.71	0.61	9.81	0.00	-0.06	0.00	58849.41
0.71	0.61	9.70	-0.06	0.12	0.00	58849.44
0.70	0.60	9.78	0.12	0.06	-0.06	58849.46
0.67	0.59	9.79	0.12	0.25	0.06	58849.48
0.67	0.59	9.74	0.00	0.00	-0.06	58849.50
0.72	0.57	9.75	0.12	0.00	-0.06	58849.51
0.70	0.61	9.72	0.06	0.37	-0.06	58849.53
0.69	0.60	9.77	0.06	-0.06	0.06	58849.55
0.70	0.57	9.77	0.00	0.12	-0.12	58849.57
0.66	0.59	9.78	0.00	-0.06	-0.06	58849.60
0.68	0.57	9.83	-0.06	0.00	-0.06	58849.62
0.53	1.06	9.99	0.12	0.19	0.00	58849.64
0.75	0.84	9.79	0.19	-3.75	3.94	58849.66
0.71	0.60	9.73	0.06	-0.31	4.75	58849.68
0.32	0.60	9.93	-0.25	-0.56	6.13	58849.69
0.55	0.46	9.82	1.37	-0.63	6.69	58849.72
0.63	0.67	9.72	1.31	0.00	4.75	58849.73
0.56	0.92	9.78	5.94	-2.31	7.50	58849.76
1.15	0.67	9.56	7.13	-0.44	16.69	58849.78
1.05	0.62	9.78	5.06	1.56	18.75	58849.80
0.59	0.97	9.88	3.81	2.25	15.19	58849.82
0.69	0.83	9.72	1.88	2.75	9.94	58849.84
0.91	0.62	9.76	0.44	1.81	6.06	58849.86
1.23	0.58	9.59	9.25	-2.63	15.25	58849.88
1.01	0.59	9.72	10.44	-4.13	16.50	58849.90
0.67	1.00	9.80	10.31	-4.38	14.06	58849.92
0.81	0.95	9.78	5.63	-2.75	9.00	58849.94
0.56	0.55	9.80	4.13	-1.06	6.31	58849.96
0.73	0.76	9.79	10.31	-2.81	11.19	58849.98
0.35	0.53	9.95	11.25	-2.56	11.88	58850.00
0.52	0.85	9.81	13.00	-1.88	12.69	58850.02
0.74	1.10	9.81	9.13	-3.13	8.00	58850.04
0.82	1.08	9.70	3.75	-0.88	3.06	58850.06
0.85	0.90	9.74	6.56	-2.25	3.75	58850.08
0.97	1.33	9.67	7.88	-2.06	2.44	58850.10
0.84	1.01	9.84	5.44	-1.50	0.69	58850.12
0.86	0.95	9.74	4.00	-0.19	-0.56	58850.14
0.65	1.09	9.69	2.94	0.44	-1.31	58850.16
0.84	1.19	9.64	5.19	-0.94	-1.81	58850.18
0.85	1.01	9.68	6.25	-2.25	-1.00	58850.20
0.78	1.12	9.76	5.50	-2.63	0.75	58850.22
0.87	1.12	9.67	4.19	-2.13	0.50	58850.24
0.84	1.15	9.77	1.75	-0.94	0.25	58850.26
0.84	1.02	9.75	1.06	-0.44	0.00	58850.28
0.84	1.15	9.72	2.31	-0.56	0.19	58850.30
1.00	0.93	9.78	7.75	-2.88	-0.94	58850.32
0.84	1.02	9.74	7.00	-2.38	-0.31	58850.34
0.85	1.27	9.87	5.81	-2.38	0.56	58850.36
0.93	1.10	9.78	2.88	-0.88	-0.25	58850.38
0.91	1.10	9.63	3.00	-0.94	0.63	58850.40
1.00	1.27	9.70	7.38	-3.25	1.00	58850.42
0.89	1.33	9.72	5.63	-2.13	0.25	58850.44
0.84	1.33	9.74	3.38	-1.00	-0.63	58850.46
0.98	1.18	9.69	1.50	-0.31	-0.94	58850.48
0.97	1.16	9.50	3.81	-1.81	0.44	58850.50
0.84	1.43	9.75	4.94	-2.31	0.00	58850.52
0.77	1.35	9.70	5.88	-2.44	-0.25	58850.54
1.01	1.31	9.72	4.38	-1.94	-0.37	58850.56
0.98	1.33	9.68	2.69	-1.50	0.63	58850.58
0.88	1.40	9.71	1.44	-0.56	0.44	58850.60
0.92	1.36	9.66	1.19	-0.12	-0.88	58850.62
0.90	1.37	9.59	3.81	-1.69	-0.37	58850.64
0.91	1.35	9.72	2.75	-1.12	-0.81	58850.66
0.96	1.32	9.71	2.06	-1.00	-0.50	58850.68
1.04	1.30	9.61	1.31	-0.63	-0.06	58850.70
1.01	1.37	9.73	0.50	-0.19	0.06	58850.72
1.05	1.39	9.64	1.00	-0.56	0.50	58850.74
0.90	1.45	9.72	0.88	-0.37	-0.19	58850.76
0.92	1.40	9.68	4.31	-1.94	0.56	58850.78
0.96	1.44	9.61	4.06	-2.13	0.50	58850.80
0.94	1.47	9.70	3.38	-1.56	0.56	58850.82
0.92	1.50	9.60	1.69	-0.81	-0.31	58850.84
0.99	1.39	9.61	2.19	-0.94	-0.12	58850.86
1.11	1.46	9.77	2.06	-0.56	-0.94	58850.88
0.97	1.33	9.57	2.75	-1.19	0.19	58850.90
0.92	1.46	9.68	2.75	-1.37	-0.25	58850.92
1.03	1.39	9.60	2.13	-1.19	-0.12	58850.94
1.01	1.44	9.67	1.25	-0.44	-0.37	58850.97
1.04	1.43	9.60	1.19	-0.44	0.00	58850.98
1.02	1.43	9.59	0.75	-0.06	0.00	58851.01
0.98	1.47	9.71	0.19	0.00	-0.06	58851.02
1.00	1.46	9.68	0.19	-0.06	0.06	58851.05
1.02	1.45	9.66	0.37	0.06	0.00	58851.06
1.00	1.45	9.68	0.25	-0.12	0.12	58851.09
1.03	1.40	9.60	0.69	-0.56	0.44	58851.10
1.04	1.43	9.66	0.50	-0.31	0.12	58851.13
1.01	1.41	9.62	0.12	0.00	0.00	58851.14
1.02	1.48	9.70	0.25	-0.19	0.12	58851.17
0.99	1.50	9.70	-0.19	0.12	0.00	58851.19
1.03	1.45	9.61	0.50	-0.19	0.12	58851.21
1.02	1.52	9.72	0.81	-0.37	0.25	58851.23
1.09	1.41	9.61	0.12	0.12	-0.31	58851.25
1.04	1.41	9.65	0.56	-0.25	0.12	58851.27
1.05	1.46	9.60	0.12	0.00	0.06	58851.29
1.04	1.45	9.66	0.12	0.06	0.00	58851.31
1.02	1.48	9.63	0.44	-0.19	0.06	58851.33
1.06	1.43	9.59	0.37	-0.25	0.06	58851.35
1.06	1.38	9.61	0.81	-0.37	0.25	58851.37
1.01	1.49	9.69	0.31	-0.12	0.00	58851.39
0.99	1.51	9.62	-0.37	0.19	-0.06	58851.41
1.01	1.47	9.68	-0.75	0.44	-0.44	58851.43
1.02	1.47	9.65	-0.63	0.44	-0.37	58851.45
1.01	1.52	9.69	-0.44	0.31	-0.25	58851.47
1.04	1.41	9.71	-0.31	0.06	-0.12	58851.49
1.03	1.49	9.68	-0.06	0.00	0.12	58851.51
1.02	1.47	9.67	0.06	0.25	-0.06	58851.53
1.02	1.52	9.61	-0.19	0.44	0.50	58851.55
1.11	1.44	9.66	-0.75	0.50	1.56	58851.57
0.94	1.51	9.68	-0.63	0.56	1.81	58851.59
0.99	1.44	9.68	-0.37	0.19	0.81	58851.61
1.01	1.45	9.72	-0.44	0.31	0.56	58851.63
0.99	1.45	9.60	-0.69	0.50	0.50	58851.65
1.02	1.45	9.64	-0.37	0.37	-0.25	58851.67
1.02	1.47	9.56	-0.06	0.25	-0.19	58851.69
1.01	1.49	9.63	-0.63	0.37	-0.37	58851.71
0.93	1.57	9.71	-2.50	1.25	-0.81	58851.73
0.96	1.48	9.58	-4.13	2.44	-1.06	58851.75
0.94	1.36	9.65	-4.69	2.75	-1.69	58851.77
0.92	1.60	9.79	-5.13	3.25	-2.00	58851.79
0.86	1.45	9.78	-5.19	3.31	-2.94	58851.81
0.98	1.38	9.74	-6.25	3.88	-3.81	58851.83
0.94	1.35	9.71	-6.38	4.50	-3.69	58851.85
1.00	1.13	9.57	-4.75	3.31	-2.25	58851.87
0.98	1.19	9.65	-2.63	2.13	-1.00	58851.89
0.95	1.27	9.68	-1.19	0.81	-0.63	58851.91
0.93	1.36	9.68	-0.81	-0.06	0.12	58851.93
0.91	1.31	9.72	-0.69	0.00	0.37	58851.95
0.97	1.30	9.76	-1.31	0.12	0.56	58851.97
0.82	1.45	9.78	-2.50	1.12	0.56	58851.99
1.02	1.18	9.64	-2.06	0.81	0.81	58852.01
0.88	1.30	9.70	-1.00	0.63	0.50	58852.03
0.98	1.31	9.66	-0.50	0.19	0.00	58852.05
0.96	1.27	9.69	-0.75	0.06	0.44	58852.07
0.93	1.26	9.71	-0.94	0.25	0.88	58852.09
0.94	1.26	9.68	-1.31	0.56	0.69	58852.11
0.95	1.23	9.69	-2.63	1.44	-0.50	58852.13
0.93	1.22	9.63	-3.06	1.69	-0.81	58852.15
0.93	1.22	9.73	-0.81	0.94	-0.63	58852.17
0.96	1.17	9.73	-1.12	0.44	0.75	58852.19
0.90	1.30	9.69	-1.00	-0.06	1.50	58852.21
0.87	1.23	9.69	-0.56	0.50	0.69	58852.23
0.90	1.23	9.67	0.00	0.06	0.06	58852.25
0.90	1.27	9.71	0.12	0.25	-0.12	58852.27
0.94	1.25	9.76	-0.63	0.69	-0.12	58852.29
0.85	1.23	9.70	-0.94	0.31	0.63	58852.31
0.90	1.31	9.73	-0.69	-0.19	0.63	58852.33
0.93	1.15	9.67	-0.44	0.00	0.12	58852.35
0.84	1.28	9.69	-0.37	0.00	0.50	58852.37
0.86	1.29	9.72	-0.19	0.12	0.12	58852.39
0.92	1.22	9.68	-0.19	0.19	0.06	58852.41
0.88	1.24	9.74	-2.63	1.31	-0.31	58852.43
0.92	1.13	9.65	-3.50	1.88	-0.75	58852.46
1.04	1.21	9.72	-3.38	1.63	-0.63	58852.47
0.81	1.25	9.80	-1.37	2.50	-1.94	58852.50
0.73	1.07	9.75	-0.25	0.56	-0.31	58852.51
0.77	1.05	9.81	-1.75	1.19	0.31	58852.53
0.42	0.98	9.61	-0.50	3.13	-2.94	58852.55
0.78	1.14	9.65	-1.44	1.06	-0.37	58852.57
0.80	1.19	9.71	-0.69	0.63	-0.06	58852.60
0.79	1.17	9.64	-0.12	0.37	0.06	58852.62
0.91	1.17	9.69	-1.12	0.88	-0.25	58852.64
0.73	1.20	9.66	-0.88	0.75	-0.25	58852.66
0.85	1.12	9.74	-0.12	0.25	-0.06	58852.67
0.88	1.15	9.74	-0.12	0.37	0.37	58852.69
1.00	1.11	9.75	-0.06	0.19	0.06	58852.71
0.84	1.23	9.82	-0.75	1.12	-0.56	58852.73
0.66	1.01	9.66	-1.06	3.00	-3.44	58852.76
1.00	1.13	9.71	0.06	1.31	-1.63	58852.78
0.73	1.24	9.67	-0.19	0.25	-0.25	58852.80
0.80	1.16	9.68	0.12	0.37	-0.12	58852.82
0.78	1.21	9.75	0.00	0.12	-0.06	58852.83
1.00	1.22	9.76	-2.06	2.00	-1.69	58852.85
0.63	1.18	9.77	-2.69	1.06	0.06	58852.87
0.79	1.25	9.81	-3.25	1.69	-0.69	58852.89
0.83	1.20	9.68	-1.31	0.50	-0.06	58852.92
0.72	1.20	9.80	-0.44	0.37	-0.37	58852.94
0.80	1.11	9.67	-1.50	0.69	-0.44	58852.96
0.82	1.07	9.72	-0.94	0.25	0.12	58852.98
0.86	1.14	9.63	-0.31	-0.06	-0.06	58853.00
0.77	1.13	9.68	0.00	0.19	-0.06	58853.01
0.81	1.08	9.73	0.00	0.06	0.00	58853.04
0.82	1.19	9.64	-0.19	-0.12	0.00	58853.05
0.77	1.04	9.71	-2.25	0.75	0.25	58853.08
0.83	1.24	9.75	-2.75	1.19	-0.56	58853.10
0.86	1.00	9.67	-3.44	1.37	-0.50	58853.12
0.82	1.10	9.68	-1.63	0.44	0.12	58853.14
0.85	1.06	9.70	-0.19	0.19	-0.06	58853.16
0.70	1.26	9.79	-1.37	0.69	-1.00	58853.18
0.72	1.05	9.70	-2.44	0.81	-0.12	58853.20
0.82	1.17	9.68	-1.69	0.12	0.94	58853.22
0.78	1.00	9.74	-0.56	0.00	0.63	58853.24
0.74	1.03	9.73	-0.37	0.06	0.12	58853.26
0.78	1.13	9.75	-0.06	0.06	-0.06	58853.28
0.70	1.24	9.79	-1.63	0.94	-0.12	58853.30
0.88	0.92	9.65	-1.75	1.06	-0.44	58853.32
0.72	1.08	9.69	-0.63	0.37	0.37	58853.34
0.81	1.07	9.69	0.06	-0.12	0.25	58853.36
0.78	1.09	9.71	0.12	-0.12	-0.12	58853.38
0.76	1.07	9.68	-0.63	-0.37	0.37	58853.40
0.71	1.03	9.73	-0.44	0.06	0.37	58853.42
0.74	1.07	9.76	-0.37	-0.06	0.19	58853.44
0.79	1.02	9.68	0.06	0.31	-0.19	58853.46
0.77	1.06	9.74	-0.06	0.06	-0.12	58853.48
0.82	0.91	9.65	-2.06	1.25	-2.00	58853.50
0.79	1.03	9.66	-2.06	1.25	-1.31	58853.52
0.80	0.97	9.73	-1.94	1.06	-0.88	58853.54
0.83	0.95	9.69	-0.81	0.37	0.19	58853.56
0.76	1.07	9.77	0.00	0.00	0.06	58853.58
0.74	0.98	9.76	-0.69	-0.19	0.94	58853.60
0.81	1.02	9.72	-1.00	-0.19	1.12	58853.62
0.72	1.02	9.76	-0.37	0.25	0.37	58853.64
0.74	1.01	9.72	0.00	0.00	0.06	58853.66
0.79	1.04	9.77	-0.12	0.06	0.06	58853.68
0.84	0.97	9.68	-2.00	1.12	-0.25	58853.70
0.83	0.84	9.64	-2.06	1.25	-0.88	58853.72
0.72	1.01	9.78	-1.63	0.75	-0.31	58853.74
0.73	1.09	9.67	-0.63	0.50	0.37	58853.76
0.76	1.08	9.75	-0.19	0.19	-0.12	58853.78
0.75	0.95	9.76	0.00	-0.06	0.00	58853.80
0.81	0.94	9.75	-0.44	-0.37	0.44	58853.82
0.72	0.99	9.78	-0.19	-0.19	0.06	58853.84
0.72	1.03	9.72	-0.12	-0.12	-0.12	58853.86
0.76	1.02	9.76	0.06	0.19	-0.06	58853.88
0.75	0.98	9.72	0.12	0.12	0.00	58853.90
0.73	0.95	9.70	-0.12	-0.06	-0.12	58853.92
0.78	0.97	9.78	-1.75	1.19	-0.56	58853.94
0.81	0.93	9.72	-1.94	1.19	-0.75	58853.96
0.69	0.97	9.68	-1.69	0.56	-0.56	58853.98
0.72	0.99	9.71	-0.75	0.19	0.06	58854.00
0.78	0.92	9.75	-0.12	0.12	-0.06	58854.02
0.74	0.92	9.72	-0.94	0.75	-0.94	58854.04
0.73	1.01	9.70	-0.75	0.56	-0.63	58854.06
0.76	0.82	9.74	-0.06	0.06	-0.06	58854.08
0.72	0.97	9.66	0.00	0.06	0.06	58854.10
0.77	0.95	9.71	-0.44	0.12	-0.44	58854.12
0.83	0.86	9.71	-1.81	0.19	-0.63	58854.14
0.63	0.94	9.72	-2.25	0.75	-0.44	58854.16
0.73	0.93	9.72	-1.94	0.06	0.25	58854.18
0.69	0.88	9.74	-0.75	0.12	0.44	58854.20
0.70	0.93	9.74	0.06	0.00	0.12	58854.22
0.74	0.93	9.69	-0.19	0.00	0.37	58854.24
0.71	0.91	9.73	-0.19	0.06	0.25	58854.26
0.72	0.99	9.73	-0.12	0.06	0.12	58854.28
0.72	0.96	9.77	0.06	0.06	-0.06	58854.30
0.74	0.94	9.66	-0.88	0.00	0.50	58854.33
0.67	0.99	9.79	-1.56	0.12	0.31	58854.34
0.72	0.97	9.77	-1.44	0.75	0.06	58854.37
0.74	0.86	9.67	-1.25	0.63	-0.19	58854.38
0.71	0.97	9.66	-0.12	0.06	-0.12	58854.41
0.76	0.90	9.73	0.12	0.00	0.12	58854.42
0.67	0.95	9.75	0.06	0.00	-0.06	58854.45
0.72	0.94	9.70	-0.06	0.06	-0.12	58854.46
0.74	0.93	9.72	-0.19	-0.19	0.12	58854.49
0.71	0.94	9.76	-0.06	0.06	-0.06	58854.51
0.73	0.94	9.77	-0.56	0.31	-0.37	58854.53
0.74	0.78	9.75	-1.88	0.69	-0.31	58854.55
0.74	0.90	9.72	-1.50	0.25	0.31	58854.57
0.73	0.91	9.72	-0.25	0.50	-0.06	58854.59
0.69	0.91	9.72	0.12	0.00	-0.06	58854.61
0.72	0.92	9.75	0.00	0.06	0.12	58854.63
0.73	0.88	9.75	-0.37	0.12	0.12	58854.65
0.74	0.92	9.68	-0.44	-0.25	-0.63	58854.67
0.68	0.90	9.77	-0.37	-0.19	-0.50	58854.69
0.72	0.89	9.78	-0.06	-0.12	-0.12	58854.71
0.71	0.91	9.72	-0.12	0.06	-0.06	58854.73
0.69	0.96	9.74	-0.50	-0.37	0.25	58854.75
0.83	0.85	9.65	-1.44	0.44	-0.12	58854.77
0.71	0.87	9.79	-0.75	0.50	-0.44	58854.79
0.71	0.94	9.72	-0.19	0.00	-0.06	58854.81
0.74	0.89	9.74	-0.19	0.19	0.19	58854.83
0.71	0.90	9.79	-0.25	-0.12	0.63	58854.85
0.73	0.90	9.71	-0.37	0.00	0.44	58854.87
0.69	0.88	9.75	-0.31	0.12	0.50	58854.89
0.71	0.89	9.70	-0.75	0.44	0.12	58854.91
0.66	0.98	9.76	-1.00	0.50	-0.56	58854.93
0.74	0.83	9.69	-1.19	0.56	-1.00	58854.95
0.71	0.91	9.69	-0.69	-0.19	-0.56	58854.97
0.67	0.85	9.78	-0.12	-0.12	-0.25	58854.99
0.69	0.89	9.75	0.00	-0.06	0.06	58855.01
0.69	0.86	9.68	0.06	0.12	0.00	58855.03
0.69	0.92	9.74	-0.31	-0.06	0.37	58855.05
0.68	0.83	9.72	-0.69	-0.12	0.81	58855.07
0.66	0.86	9.74	-0.94	-0.12	1.12	58855.09
0.69	0.91	9.66	-0.56	0.12	0.56	58855.11
0.70	0.90	9.72	-0.12	0.31	0.12	58855.13
0.70	0.90	9.72	-0.12	0.19	-0.06	58855.15
0.71	0.89	9.72	0.00	-0.06	0.00	58855.17
0.72	0.86	9.74	0.06	-0.12	-0.06	58855.19
0.69	0.90	9.75	0.12	0.19	-0.06	58855.21
0.72	0.88	9.70	0.12	0.06	-0.06	58855.23
0.66	0.91	9.81	-0.37	0.25	-0.37	58855.25
0.70	0.88	9.76	-1.81	1.12	-1.50	58855.27
0.64	0.91	9.78	-1.56	0.75	-0.94	58855.29
0.79	0.73	9.74	-1.56	1.06	-0.94	58855.31
0.71	0.82	9.70	-0.19	0.25	-0.31	58855.33
0.72	0.87	9.75	-0.12	0.12	0.12	58855.35
0.69	0.87	9.70	-0.31	-0.06	-0.06	58855.37
0.71	0.91	9.73	-0.69	-0.31	0.06	58855.39
0.70	0.85	9.73	-0.56	-0.12	-0.06	58855.41
0.71	0.86	9.76	0.12	0.31	0.00	58855.43
0.68	0.84	9.77	0.00	0.00	-0.19	58855.45
0.70	0.84	9.70	0.06	0.12	0.12	58855.47
0.70	0.85	9.73	-0.25	0.00	0.06	58855.49
0.62	0.82	9.69	-0.37	-0.44	0.56	58855.51
0.77	0.87	9.75	-0.63	-0.31	0.63	58855.53
0.69	0.88	9.75	-0.06	-0.06	0.19	58855.55
0.73	0.85	9.70	0.00	0.19	-0.06	58855.57
0.72	0.81	9.78	-0.31	0.00	0.25	58855.59
0.66	0.86	9.77	-0.06	0.25	0.25	58855.61
0.69	0.83	9.72	-0.25	0.12	0.19	58855.63
0.69	0.84	9.80	0.06	0.44	-0.06	58855.66
0.67	0.84	9.73	-0.12	0.12	-0.06	58855.67
0.63	0.95	9.80	-0.50	0.25	-0.31	58855.69
0.71	0.84	9.64	-0.69	0.37	-0.69	58855.71
0.71	0.81	9.70	-0.37	0.44	-0.37	58855.73
0.72	0.84	9.76	-0.06	0.00	-0.06	58855.75
0.70	0.84	9.71	0.00	-0.19	-0.06	58855.78
0.69	0.86	9.76	0.12	0.31	-0.06	58855.79
0.71	0.82	9.75	-0.12	0.19	0.00	58855.82
0.68	0.83	9.71	0.00	0.00	0.06	58855.83
0.68	0.84	9.72	0.00	0.12	-0.06	58855.85
0.65	0.88	9.74	-0.44	0.25	-0.31	58855.87
0.74	0.73	9.71	-0.81	0.56	-0.69	58855.89
0.72	0.78	9.73	-0.81	0.44	-0.50	58855.91
0.70	0.83	9.76	0.06	-0.19	0.06	58855.94
0.69	0.84	9.80	0.06	0.19	-0.06	58855.96
0.72	0.84	9.71	0.06	0.00	-0.19	58855.98
0.70	0.84	9.72	-0.06	-0.12	-0.06	58856.00
0.73	0.79	9.79	-0.25	0.06	0.31	58856.01
0.66	0.83	9.69	-0.50	-0.12	0.56	58856.03
0.67	0.80	9.77	-0.37	0.12	0.56	58856.05
0.63	0.81	9.70	-0.63	-0.06	0.94	58856.07
0.64	0.84	9.74	-0.50	-0.31	0.50	58856.10
0.68	0.87	9.67	-0.19	0.00	0.12	58856.12
0.68	0.80	9.74	0.00	0.06	0.06	58856.14
0.69	0.84	9.76	0.06	0.19	-0.06	58856.16
0.69	0.83	9.72	0.00	0.12	0.00	58856.17
0.70	0.84	9.76	0.06	0.19	0.00	58856.19
0.68	0.83	9.77	0.00	0.06	-0.06	58856.21
0.69	0.84	9.72	0.06	0.06	-0.06	58856.24
0.69	0.82	9.75	0.06	0.25	-0.19	58856.26
0.68	0.82	9.66	-0.06	0.19	0.12	58856.28
0.70	0.80	9.77	0.00	0.12	0.06	58856.30
0.69	0.82	9.77	0.06	-0.06	0.00	58856.32
0.69	0.83	9.73	0.00	0.12	0.06	58856.33
0.68	0.82	9.78	-0.06	-0.06	0.12	58856.35
0.68	0.80	9.72	0.06	-0.12	-0.06	58856.37
0.69	0.85	9.76	0.12	0.00	-0.12	58856.40
0.72	0.84	9.73	0.00	-0.06	-0.06	58856.41
0.70	0.82	9.71	0.06	0.00	0.00	58856.44
0.71	0.81	9.73	0.06	0.12	-0.19	58856.46
0.66	0.84	9.70	-0.19	0.12	0.25	58856.48
0.73	0.80	9.73	-0.25	0.12	0.44	58856.50
0.68	0.81	9.82	-0.06	0.12	0.00	58856.52
0.68	0.83	9.72	-0.06	-0.06	0.00	58856.54
0.69	0.80	9.77	0.00	0.19	-0.19	58856.56
0.84	1.19	9.73	-0.37	-0.56	-0.81	58856.58
0.56	1.09	10.06	-5.44	3.63	-11.50	58856.60
0.46	0.96	9.80	-12.25	5.50	-21.81	58856.62
0.24	0.82	9.64	-11.56	5.94	-23.31	58856.64
0.39	0.31	9.59	-9.81	3.88	-19.06	58856.66
0.04	0.76	9.82	-7.63	3.44	-15.00	58856.68
0.47	0.63	9.85	-11.75	3.56	-25.56	58856.70
0.08	1.00	9.58	-15.75	4.13	-28.69	58856.72
1.02	0.32	9.56	-15.50	0.19	-23.81	58856.74
0.88	0.47	9.77	-10.44	1.75	-17.87	58856.76
0.90	0.25	9.68	-7.69	2.00	-11.31	58856.78
0.52	0.45	9.71	-4.56	1.81	-6.81	58856.80
0.42	-0.34	9.33	-4.94	10.00	-14.50	58856.82
0.32	-0.13	9.60	-5.13	21.19	-22.62	58856.84
0.33	1.54	9.85	-5.88	23.87	-18.00	58856.86
0.38	0.54	9.79	-3.88	13.50	-3.88	58856.88
0.35	-0.04	9.49	-2.25	9.56	-0.06	58856.90
0.00	0.69	9.79	-0.12	21.12	-4.56	58856.92
0.12	0.72	9.86	-1.56	18.75	-0.56	58856.94
0.23	0.37	9.69	-2.31	10.94	2.81	58856.96
-0.23	0.12	10.00	-2.63	7.50	1.06	58856.98
0.10	0.23	9.85	-0.63	5.38	1.69	58857.00
0.18	0.35	9.76	-2.25	3.25	4.31	58857.02
0.44	0.30	9.63	-4.13	-0.56	2.31	58857.04
0.29	0.28	9.88	-3.19	-1.44	2.00	58857.06
-0.01	0.42	9.82	-1.63	0.56	3.19	58857.08
0.13	0.30	9.82	-1.06	1.31	2.00	58857.10
0.12	0.55	9.93	-3.69	-0.44	5.44	58857.12
-0.11	-0.16	9.78	-3.31	0.12	3.69	58857.14
0.17	0.27	9.72	-1.37	1.31	2.44	58857.16
0.26	0.41	9.64	-1.94	1.12	2.63	58857.18
0.25	0.36	9.77	-1.50	0.94	2.25	58857.20
0.00	0.08	9.76	-1.25	0.50	1.63	58857.22
0.03	0.30	9.77	-3.50	-1.44	8.94	58857.24
0.00	0.15	9.79	-2.06	1.37	5.88	58857.26
-0.01	0.44	9.72	-1.37	1.25	3.25	58857.28
0.16	0.12	9.86	-0.88	0.94	2.69	58857.30
0.21	0.31	9.80	-0.75	0.56	1.69	58857.32
0.09	0.43	9.78	-1.75	-1.37	5.56	58857.34
0.05	0.43	9.79	-1.19	1.00	4.25	58857.36
0.02	0.23	9.75	-1.00	0.94	2.38	58857.38
0.13	0.15	9.78	-0.94	1.25	2.06	58857.40
0.04	0.07	9.93	-0.50	0.44	0.94	58857.42
0.23	0.32	9.76	-0.63	-2.75	4.69	58857.44
-0.06	0.26	9.81	-1.00	-0.50	3.38	58857.46
0.02	0.13	9.67	-0.94	-0.75	2.06	58857.48
-0.06	0.28	9.80	-0.63	-0.19	0.56	58857.50
0.03	0.22	9.79	-0.44	-0.25	0.56	58857.52
0.09	0.39	9.77	-0.69	-1.37	1.69	58857.54
0.10	0.17	9.73	-0.56	0.00	3.31	58857.56
0.05	0.15	9.74	-0.63	1.25	2.38	58857.58
0.11	0.15	9.80	-0.75	0.75	1.69	58857.60
0.02	0.18	9.82	-0.19	0.25	0.56	58857.62
0.10	0.27	9.71	0.06	-0.25	0.63	58857.65
0.09	0.32	9.82	-0.19	-0.25	3.56	58857.66
0.01	0.34	9.63	-0.19	-0.75	4.44	58857.69
0.09	0.16	9.72	0.37	0.12	3.19	58857.70
0.05	0.14	9.82	0.44	-0.06	1.88	58857.72
0.13	0.23	9.69	0.69	-0.63	1.44	58857.74
0.07	0.25	9.80	0.50	-1.06	1.81	58857.77
0.06	0.29	9.71	0.25	-1.12	2.50	58857.78
0.07	0.24	9.78	0.63	-0.56	1.81	58857.81
0.02	0.23	9.83	0.50	-0.63	1.37	58857.83
0.08	0.26	9.76	0.12	0.00	0.25	58857.85
0.08	0.33	9.77	-0.06	-0.37	0.50	58857.87
0.02	0.30	9.72	-0.44	-1.12	1.56	58857.89
0.09	0.23	9.77	-0.19	0.37	1.12	58857.91
0.04	0.30	9.69	-0.12	1.06	1.44	58857.93
0.10	0.20	9.75	0.31	1.31	1.19	58857.95
0.00	0.27	9.86	0.19	1.19	1.19	58857.97
0.12	0.20	9.74	0.12	0.50	0.56	58857.99
0.08	0.20	9.77	0.06	-0.06	0.00	58858.01
0.06	0.24	9.83	0.00	0.00	0.06	58858.03
0.07	0.22	9.74	0.00	0.06	0.06	58858.05
0.06	0.26	9.79	-0.06	-0.06	0.06	58858.07
0.05	0.28	9.78	-0.06	0.00	0.00	58858.09
0.09	0.23	9.78	0.06	0.06	0.06	58858.11
0.08	0.24	9.79	-0.06	-0.06	0.00	58858.13
0.09	0.27	9.75	0.00	-0.06	-0.06	58858.15
0.07	0.26	9.84	0.12	0.00	-0.12	58858.17
0.08	0.26	9.71	0.06	-0.19	0.00	58858.19
0.06	0.23	9.77	0.06	0.12	-0.06	58858.21
0.07	0.25	9.76	0.00	0.19	0.00	58858.23
0.06	0.24	9.77	-0.06	0.00	0.00	58858.25
0.04	0.27	9.80	0.06	0.12	0.00	58858.27
0.09	0.23	9.71	-0.06	-0.06	0.00	58858.29
0.07	0.26	9.80	0.12	0.12	-0.19	58858.31
0.08	0.28	9.79	0.12	0.25	-0.19	58858.33
0.04	0.36	9.84	1.00	1.56	-1.06	58858.35
0.09	0.39	9.89	1.19	1.25	-1.06	58858.37
0.04	0.26	9.80	0.06	0.06	0.12	58858.39
0.10	0.31	9.81	-0.06	-0.19	0.19	58858.41
0.16	0.23	9.76	-0.06	0.00	0.19	58858.43
0.10	0.25	9.76	0.00	-0.12	-0.06	58858.45
0.06	0.28	9.78	0.00	0.06	0.06	58858.47
0.06	0.19	9.75	0.31	0.44	-0.12	58858.49
0.06	0.25	9.80	0.44	0.69	0.25	58858.51
0.08	0.27	9.86	0.69	0.69	-0.56	58858.53
-0.08	0.31	9.82	1.69	1.88	-1.75	58858.55
-0.11	0.49	9.87	1.44	0.88	-0.44	58858.57
0.04	0.28	9.77	0.12	-0.12	-0.25	58858.59
0.03	0.23	9.82	0.25	0.00	-0.12	58858.61
0.04	0.29	9.79	0.19	0.06	-0.25	58858.63
0.04	0.28	9.73	0.37	0.31	-0.56	58858.65
0.02	0.29	9.80	0.31	0.25	-0.31	58858.67
0.02	0.26	9.77	0.12	-0.06	-0.12	58858.69
0.08	0.27	9.79	0.00	0.06	-0.12	58858.71
0.06	0.24	9.83	0.37	0.37	-0.50	58858.73
0.13	0.00	9.63	1.25	1.50	-0.81	58858.75
-0.03	0.37	9.83	1.44	1.44	0.19	58858.77
0.22	0.34	9.69	0.63	0.37	0.19	58858.79
0.03	0.36	9.77	-0.19	-0.63	0.12	58858.81
-0.06	0.12	9.75	-0.50	-0.69	-0.50	58858.83
0.06	0.40	9.73	0.12	0.44	-0.56	58858.85
0.28	0.24	9.75	2.38	2.56	-0.56	58858.87
0.10	0.24	9.77	1.19	0.50	-0.25	58858.89
-0.02	0.41	9.80	-0.31	-0.81	0.19	58858.91
0.06	0.26	9.70	-0.12	-0.19	0.06	58858.93
-0.01	0.19	9.75	0.25	0.25	-0.19	58858.95
0.04	0.41	9.73	2.06	0.31	-0.81	58858.98
0.11	0.31	9.75	3.00	-0.63	-1.44	58858.99
0.05	0.32	9.80	3.50	-0.63	-1.75	58859.01
-0.04	0.28	9.81	3.13	-0.75	-1.25	58859.03
-0.01	0.54	9.59	0.94	-0.25	-1.44	58859.05
0.05	0.25	9.82	1.00	1.75	-1.81	58859.07
-0.06	0.28	9.75	0.63	1.00	-0.81	58859.10
0.09	0.31	9.83	-0.31	-0.88	0.31	58859.11
0.05	0.28	9.78	-0.37	-0.75	0.50	58859.14
0.00	0.35	9.77	0.12	-0.19	-0.19	58859.16
0.01	0.24	9.88	0.00	-0.25	-0.56	58859.17
0.04	0.31	9.81	0.06	-0.56	-1.50	58859.19
0.10	0.38	9.80	-0.37	-0.31	-1.31	58859.21
0.00	0.34	9.87	-0.31	1.19	-1.56	58859.23
0.10	0.19	9.80	-0.44	2.00	-2.56	58859.26
-0.11	0.36	9.74	0.19	4.44	-4.56	58859.28
0.06	0.35	9.75	-1.06	1.44	-3.06	58859.30
0.08	0.34	9.83	-1.75	0.50	-1.63	58859.32
0.00	0.29	9.84	-2.44	0.12	-1.88	58859.33
0.03	0.38	9.76	-2.19	0.44	-1.50	58859.35
0.02	0.27	9.80	-1.94	0.44	-0.75	58859.37
-0.06	0.17	9.72	0.00	1.12	-1.12	58859.39
0.24	0.43	9.71	1.19	1.44	-2.50	58859.41
-0.10	0.44	9.87	1.12	0.06	-1.94	58859.44
-0.04	0.28	9.74	0.00	-0.37	-0.37	58859.46
-0.04	0.24	9.79	-0.25	-0.69	0.31	58859.48
-0.06	0.23	9.77	0.00	-0.63	0.00	58859.50
0.08	0.27	9.84	0.25	-0.81	-0.56	58859.51
-0.02	0.14	9.88	0.37	-1.12	-0.94	58859.53
-0.02	0.32	9.83	0.44	-0.37	-0.37	58859.55
0.01	0.41	9.80	0.06	0.00	0.06	58859.57
-0.01	0.24	9.75	0.00	-0.19	0.00	58859.60
0.00	0.07	9.72	0.56	0.50	-1.00	58859.62
-0.09	0.24	9.78	1.12	2.63	-4.13	58859.64
-0.10	0.30	9.79	0.12	-0.12	-0.88	58859.66
-0.03	0.35	9.81	0.00	-0.44	-0.19	58859.68
-0.02	0.34	9.75	0.06	0.19	-0.31	58859.69
-0.09	0.17	9.77	0.88	0.00	-1.75	58859.72
-0.07	0.16	9.84	0.63	-0.31	-2.81	58859.73
0.00	0.35	9.76	0.56	-1.31	-1.88	58859.76
-0.06	0.33	9.80	0.37	-0.37	-0.88	58859.78
-0.13	0.26	9.73	0.19	-0.12	-0.31	58859.80
0.02	0.24	9.77	0.63	0.88	-1.75	58859.82
-0.08	0.36	9.84	0.50	0.37	-1.63	58859.84
-0.02	0.31	9.73	0.25	-0.44	-0.63	58859.85
0.00	0.34	9.81	0.12	-0.12	-0.31	58859.88
0.05	0.37	9.72	-0.06	-0.37	-0.25	58859.90
-0.12	0.23	9.78	0.81	-1.56	-1.81	58859.92
-0.10	0.41	9.75	1.25	-1.50	-2.38	58859.94
0.09	0.27	9.80	0.31	-0.88	-1.12	58859.96
0.04	0.31	9.81	0.06	-0.25	-0.31	58859.98
-0.03	0.25	9.77	-0.19	-0.06	0.06	58860.00
-0.01	0.31	9.75	0.56	1.19	-1.63	58860.02
0.06	0.28	9.75	0.56	1.12	-2.25	58860.04
-0.04	0.40	9.80	0.50	0.12	-1.12	58860.06
0.05	0.38	9.78	0.44	0.06	-0.63	58860.08
0.09	0.33	9.74	0.00	-0.12	-0.19	58860.10
0.02	0.32	9.81	0.00	0.06	0.06	58860.12
0.00	0.39	9.79	-0.06	-0.37	-0.25	58860.14
0.02	0.23	9.72	1.25	0.50	-3.06	58860.16
0.09	0.58	9.87	0.81	-0.75	-2.56	58860.18
0.12	0.43	9.82	0.75	-1.25	-1.63	58860.20
0.02	0.36	9.79	0.44	-0.31	-0.94	58860.22
-0.05	0.34	9.75	0.19	0.00	-0.37	58860.24
0.04	0.34	9.73	0.63	-0.50	-0.88	58860.26
-0.01	0.25	9.79	0.56	-0.50	-0.88	58860.28
0.10	0.37	9.78	0.31	-0.37	-0.56	58860.30
0.10	0.45	9.82	0.25	-0.25	-0.37	58860.32
0.06	0.27	9.83	-0.19	0.00	0.06	58860.34
-0.01	0.28	9.76	-0.06	-0.37	-0.06	58860.36
0.02	0.21	9.79	0.00	-0.06	-1.06	58860.38
0.00	0.36	9.77	-0.37	1.75	-2.88	58860.40
0.00	0.55	9.80	-0.19	1.06	-1.06	58860.42
0.02	0.34	9.76	0.00	0.12	-0.06	58860.44
0.02	0.35	9.73	-0.06	-0.12	0.00	58860.46
0.03	0.35	9.79	-0.12	-0.06	0.06	58860.48
0.01	0.37	9.77	0.06	0.00	0.00	58860.50
0.03	0.37	9.82	-0.06	-0.12	0.00	58860.52
0.02	0.34	9.81	0.00	0.12	0.06	58860.54
0.00	0.32	9.74	-0.06	-0.19	0.12	58860.56
0.01	0.39	9.75	0.00	0.12	0.00	58860.58
0.03	0.34	9.71	-0.06	-0.06	-0.25	58860.60
0.02	0.28	9.79	0.06	0.12	-1.12	58860.62
0.05	0.28	9.76	-0.19	1.06	-2.81	58860.64
0.04	0.37	9.83	-0.19	-0.12	-0.94	58860.66
0.06	0.35	9.81	-0.06	0.12	-0.12	58860.68
0.00	0.36	9.77	0.06	0.12	-0.12	58860.70
0.03	0.36	9.81	-0.06	0.00	0.06	58860.72
0.04	0.36	9.81	-0.06	0.12	0.00	58860.74
-0.02	0.34	9.77	-0.06	-0.12	0.00	58860.76
0.04	0.34	9.78	0.06	0.06	-0.06	58860.78
0.00	0.28	9.74	0.00	-0.12	-0.19	58860.80
0.05	0.22	9.75	0.37	0.44	-1.75	58860.82
0.01	0.52	9.77	-0.25	1.94	-4.06	58860.84
-0.03	0.37	9.78	-0.19	1.94	-2.13	58860.86
-0.01	0.36	9.83	-0.19	0.37	-0.56	58860.89
-0.01	0.33	9.77	-0.19	0.06	-0.06	58860.90
-0.01	0.34	9.83	-0.12	0.12	0.06	58860.92
0.00	0.38	9.74	0.00	0.12	-0.12	58860.94
0.03	0.38	9.74	0.00	0.00	0.00	58860.96
0.00	0.37	9.79	-0.12	-0.19	-0.12	58860.98
0.00	0.31	9.74	0.06	0.12	0.00	58861.00
-0.02	0.36	9.80	-0.06	-0.06	0.06	58861.02
0.01	0.32	9.80	-0.12	0.00	-0.06	58861.05
0.00	0.34	9.79	0.00	0.25	-0.19	58861.06
0.02	0.31	9.81	0.00	0.25	-0.12	58861.09
0.02	0.37	9.70	-0.12	0.06	0.06	58861.11
0.01	0.31	9.79	0.00	-0.12	0.12	58861.13
0.00	0.34	9.78	0.06	0.00	0.06	58861.15
0.00	0.28	9.76	0.00	-0.19	-0.19	58861.17
0.00	0.34	9.80	0.00	-0.56	-0.63	58861.19
0.02	0.37	9.72	0.19	-0.75	-0.88	58861.21
-0.03	0.36	9.79	-0.19	-0.06	-0.12	58861.23
0.03	0.34	9.83	0.00	0.31	-0.06	58861.25
0.00	0.32	9.77	-0.06	-0.19	0.06	58861.27
-0.01	0.35	9.75	-0.06	-0.06	-0.12	58861.29
-0.02	0.38	9.72	-0.12	0.06	-0.06	58861.31
0.01	0.34	9.79	0.00	0.06	0.00	58861.33
0.01	0.34	9.78	-0.06	-0.06	0.00	58861.35
0.00	0.34	9.73	0.06	0.12	-0.06	58861.37
0.14	0.05	9.79	0.56	2.31	-2.06	58861.39
0.02	0.33	9.72	0.12	2.63	-3.31	58861.41
-0.06	0.44	9.83	0.31	2.38	-2.50	58861.43
-0.01	0.38	9.81	-0.12	0.31	-0.44	58861.45
-0.08	0.49	9.80	0.00	0.12	-0.12	58861.47
-0.02	0.30	9.72	0.00	0.00	-0.06	58861.49
-0.09	0.35	9.74	-0.12	-0.06	0.06	58861.51
0.00	0.36	9.81	0.00	-0.63	-0.63	58861.53
-0.04	0.33	9.85	-0.12	-1.00	-1.06	58861.55
0.00	0.35	9.80	-0.19	-0.44	-0.81	58861.57
0.04	0.35	9.80	0.06	-0.12	-0.25	58861.59
0.05	0.35	9.76	-0.06	0.31	-0.12	58861.61
-0.03	0.35	9.82	-0.12	-0.06	0.06	58861.63
0.04	0.33	9.85	0.06	0.12	0.06	58861.65
-0.01	0.36	9.78	0.00	0.06	0.19	58861.67
-0.01	0.35	9.77	0.12	-0.12	-0.06	58861.69
0.00	0.33	9.77	0.06	0.12	0.06	58861.71
-0.01	0.36	9.79	0.00	-0.25	0.00	58861.73
0.00	0.34	9.79	-0.06	0.12	-0.06	58861.75
0.00	0.36	9.80	-0.06	0.12	0.06	58861.77
-0.02	0.31	9.80	0.00	0.12	0.00	58861.79
-0.04	0.36	9.75	0.06	0.12	0.19	58861.81
0.01	0.37	9.79	0.06	0.12	0.00	58861.83
0.03	0.36	9.78	0.00	0.19	-0.06	58861.85
0.00	0.34	9.78	0.12	0.00	-0.12	58861.87
0.00	0.37	9.80	0.06	0.00	0.00	58861.89
-0.02	0.34	9.71	0.12	0.00	-0.06	58861.91
-0.02	0.27	9.78	0.00	0.69	-0.44	58861.93
0.00	0.34	9.80	0.25	1.63	-1.56	58861.95
-0.09	0.63	9.85	-0.56	1.00	-0.81	58861.97
-0.01	0.39	9.84	-0.06	0.00	0.06	58861.99
0.00	0.36	9.78	-0.12	-0.12	-0.06	58862.01
0.00	0.35	9.80	0.06	0.06	-0.12	58862.03
-0.05	0.38	9.78	0.06	0.25	-0.06	58862.05
0.00	0.34	9.75	-0.06	0.00	-0.12	58862.07
-0.02	0.39	9.79	-0.06	0.12	-0.06	58862.09
-0.01	0.30	9.72	0.00	0.00	-0.06	58862.11
-0.03	0.34	9.79	-0.06	0.19	0.00	58862.13
0.00	0.27	9.72	0.12	0.63	-0.56	58862.15
-0.10	0.44	9.83	-0.25	0.75	-0.75	58862.17
-0.04	0.33	9.83	-0.06	0.06	-0.19	58862.19
-0.03	0.33	9.76	-0.31	0.12	0.12	58862.21
0.01	0.31	9.77	0.06	-0.31	-0.31	58862.23
0.06	0.61	9.61	-0.12	-1.06	-1.06	58862.26
-0.01	0.34	9.74	-0.12	0.88	0.25	58862.27
-0.03	0.33	9.82	-0.12	0.37	0.00	58862.30
-0.03	0.33	9.77	0.06	0.25	0.00	58862.31
-0.05	0.34	9.75	0.12	0.06	0.00	58862.33
-0.03	0.35	9.81	-0.06	-0.06	0.12	58862.35
-0.03	0.38	9.81	-0.31	-0.12	0.12	58862.37
-0.02	0.31	9.75	-0.12	-0.19	0.06	58862.39
-0.04	0.34	9.73	0.00	0.06	0.00	58862.41
-0.03	0.34	9.78	0.00	-0.19	0.06	58862.44
-0.04	0.32	9.78	0.00	0.06	0.00	58862.46
-0.04	0.35	9.75	0.06	0.12	0.00	58862.48
-0.02	0.35	9.82	0.06	0.12	0.00	58862.50
0.00	0.33	9.72	0.06	0.12	0.00	58862.51
0.00	0.35	9.79	-0.12	-0.12	-0.19	58862.53
-0.03	0.34	9.83	0.06	0.12	0.06	58862.55
-0.02	0.33	9.76	-0.19	0.00	0.12	58862.57
-0.01	0.35	9.79	-0.19	-0.06	0.12	58862.60
-0.03	0.34	9.73	-0.19	-0.12	0.25	58862.62
0.00	0.35	9.82	-0.19	0.00	0.12	58862.64
-0.01	0.37	9.77	0.06	-0.06	-0.12	58862.66
0.00	0.34	9.79	0.00	0.06	0.00	58862.67
0.06	0.24	9.83	0.63	0.19	-0.50	58862.69
-0.01	0.35	9.75	0.50	1.06	-1.44	58862.71
-0.02	0.33	9.76	-0.19	0.31	-0.37	58862.73
-0.06	0.36	9.79	1.06	-0.12	0.25	58862.76
-0.02	0.36	9.71	0.75	-0.31	0.44	58862.78
-0.02	0.38	9.80	1.12	-0.31	0.63	58862.80
0.00	0.39	9.75	1.44	-0.81	0.75	58862.82
-0.09	0.38	9.80	1.31	-0.94	1.25	58862.83
-0.02	0.39	9.79	1.31	-0.94	1.06	58862.85
0.00	0.37	9.79	0.75	-0.19	0.37	58862.87
-0.01	0.38	9.82	0.69	0.19	0.19	58862.89
-0.06	0.38	9.70	-0.12	-0.12	0.19	58862.91
0.00	0.40	9.77	-0.31	-0.25	0.37	58862.94
-0.02	0.43	9.81	-0.19	-0.31	0.06	58862.96
0.00	0.34	9.78	-0.19	0.00	0.00	58862.98
-0.01	0.32	9.81	0.12	0.12	-0.06	58863.00
-0.01	0.38	9.73	0.12	0.06	-0.12	58863.02
0.02	0.36	9.83	0.12	0.19	0.00	58863.04
-0.01	0.38	9.82	0.12	0.06	0.00	58863.05
-0.02	0.36	9.77	-0.06	0.00	-0.12	58863.08
-0.03	0.34	9.84	0.06	0.12	0.00	58863.10
-0.04	0.36	9.72	0.06	0.25	-0.12	58863.12
0.00	0.36	9.79	0.00	0.06	0.00	58863.14
0.00	0.40	9.81	0.00	0.06	0.06	58863.16
-0.01	0.40	9.72	-0.06	0.00	0.06	58863.18
-0.01	0.35	9.77	-0.06	-0.75	-0.44	58863.20
-0.06	0.33	9.67	0.12	-0.63	-0.69	58863.22
-0.05	0.34	9.78	0.25	-0.81	-0.81	58863.24
-0.01	0.46	9.77	0.31	-1.37	-1.12	58863.26
0.18	0.35	9.82	0.69	0.44	-2.06	58863.28
0.07	0.38	9.75	-0.19	0.88	-0.94	58863.30
0.01	0.36	9.74	-0.06	0.06	-0.19	58863.32
0.04	0.40	9.78	-0.06	-0.06	0.00	58863.34
0.00	0.46	9.78	0.00	0.06	-0.06	58863.36
-0.01	0.40	9.75	-0.06	0.00	0.00	58863.38
0.02	0.38	9.81	0.00	0.12	-0.19	58863.40
-0.02	0.33	9.72	0.06	-0.88	-1.00	58863.42
-0.24	0.94	10.00	-0.63	-13.06	4.06	58863.44
0.83	0.36	9.27	0.69	-18.31	6.13	58863.46
-0.20	0.18	9.67	4.38	-9.63	1.06	58863.48
0.19	-0.06	9.65	3.56	-7.56	0.19	58863.50
0.16	-0.35	9.66	3.00	-3.56	-0.56	58863.52
-0.17	0.79	9.72	1.50	-1.19	-1.44	58863.54
0.25	0.66	9.95	3.88	-14.13	5.44	58863.56
0.73	-0.26	9.41	5.75	-20.81	10.88	58863.58
0.66	0.22	9.60	5.94	-13.56	5.69	58863.60
0.59	0.77	9.73	5.94	-7.75	2.06	58863.62
0.19	0.42	9.82	3.06	-6.63	2.81	58863.64
0.40	0.87	9.93	6.56	-14.31	11.56	58863.66
0.12	0.39	9.90	6.81	-11.31	7.19	58863.68
0.68	0.32	9.73	7.69	-5.94	5.69	58863.70
0.67	0.67	9.69	5.31	-4.75	4.75	58863.72
0.25	0.63	9.87	3.13	-1.50	1.88	58863.74
0.51	0.62	9.76	2.00	-0.75	1.50	58863.76
0.68	0.51	9.72	7.75	-7.88	10.00	58863.78
0.46	0.53	9.74	10.38	-6.75	10.31	58863.80
0.57	0.92	9.83	9.13	-2.94	7.69	58863.82
0.41	0.67	9.76	5.31	-0.88	4.31	58863.84
0.46	0.77	9.74	4.56	-1.37	3.50	58863.86
0.65	0.88	9.73	7.13	-4.63	6.75	58863.88
0.54	0.78	9.79	6.75	-3.63	6.25	58863.90
0.61	0.81	9.70	5.25	-2.69	4.81	58863.92
0.61	0.84	9.80	4.31	-1.19	3.63	58863.94
0.62	0.73	9.77	3.50	-0.63	2.63	58863.96
0.69	0.71	9.71	4.00	-1.50	2.88	58863.98
0.49	1.02	9.88	4.44	-0.75	3.19	58864.00
0.77	0.73	9.67	2.81	-0.31	2.00	58864.02
0.56	0.77	9.78	2.94	0.50	2.25	58864.04
0.71	1.02	9.70	3.06	-0.94	2.56	58864.06
0.64	0.83	9.72	1.69	-0.81	2.13	58864.08
0.64	0.81	9.74	4.56	-1.81	4.13	58864.10
0.75	0.77	9.62	5.56	-2.25	4.19	58864.12
0.62	0.83	9.76	4.56	-1.75	3.94	58864.14
0.83	0.74	9.71	4.75	-2.13	3.63	58864.16
0.64	0.99	9.75	2.69	-1.19	1.75	58864.18
0.65	0.95	9.76	3.38	-1.19	2.50	58864.20
0.67	1.16	9.81	3.94	-1.94	3.31	58864.22
0.56	1.05	9.80	2.25	-0.63	1.94	58864.24
0.65	0.86	9.76	1.12	-0.50	1.31	58864.26
0.76	0.98	9.68	1.69	-0.75	1.25	58864.29
0.69	0.95	9.75	0.88	-0.12	0.56	58864.30
0.81	0.79	9.58	3.00	-0.75	2.00	58864.33
0.74	0.94	9.70	3.94	-0.44	2.25	58864.34
0.77	0.82	9.70	5.00	-2.25	2.94	58864.37
0.87	0.83	9.64	3.44	-1.50	2.13	58864.39
0.69	0.98	9.74	2.38	-1.25	1.56	58864.41
0.70	0.94	9.66	2.31	0.31	0.94	58864.43
0.72	1.15	9.78	1.75	-0.25	1.44	58864.45
0.78	1.01	9.74	0.75	0.06	0.94	58864.46
0.77	1.02	9.71	0.12	0.12	0.19	58864.49
0.72	1.09	9.73	0.00	-0.06	-0.12	58864.51
0.76	1.01	9.61	0.06	0.19	-0.06	58864.53
0.80	0.93	9.71	1.37	-1.12	1.31	58864.55
0.84	0.88	9.63	1.31	-0.50	0.94	58864.57
0.74	0.99	9.76	1.31	-0.44	0.94	58864.59
0.70	1.16	9.79	0.44	-0.31	0.31	58864.61
0.70	1.11	9.72	0.25	0.00	0.12	58864.63
0.83	0.98	9.72	0.94	-0.50	0.37	58864.65
0.76	1.06	9.76	0.94	-0.44	0.50	58864.67
0.78	1.06	9.75	1.06	-0.31	0.56	58864.69
0.88	1.04	9.74	2.19	-1.19	0.00	58864.71
0.83	1.09	9.69	2.25	-1.12	0.69	58864.73
0.71	1.07	9.69	2.38	-1.56	0.88	58864.75
0.77	0.98	9.69	1.88	-1.06	0.50	58864.77
0.81	1.12	9.71	0.56	-0.31	0.06	58864.79
0.67	1.08	9.73	0.12	0.19	0.00	58864.81
0.80	1.12	9.65	-0.06	0.12	0.00	58864.83
0.77	1.05	9.71	0.00	0.06	0.00	58864.85
0.72	1.06	9.76	0.06	0.00	-0.06	58864.87
0.77	1.01	9.72	-0.06	-0.06	0.00	58864.89
0.77	1.04	9.76	0.06	0.00	-0.06	58864.91
0.78	1.07	9.63	-0.06	0.06	0.12	58864.93
0.77	1.14	9.75	0.00	0.00	-0.06	58864.95
0.79	1.08	9.71	0.12	0.00	0.00	58864.97
0.74	1.09	9.71	0.12	-0.06	0.00	58864.99
0.76	1.09	9.75	0.00	0.12	0.00	58865.01
0.74	1.08	9.69	0.06	-0.06	0.19	58865.03
0.78	1.08	9.74	-0.06	0.00	-0.12	58865.05
0.78	1.11	9.76	0.06	0.12	0.06	58865.07
0.79	1.09	9.70	-0.12	-0.06	0.06	58865.09
0.73	1.10	9.74	0.00	0.00	-0.12	58865.11
0.70	1.08	9.68	0.00	0.19	-0.12	58865.13
0.69	1.04	9.76	0.12	0.25	0.37	58865.15
0.73	1.03	9.76	0.12	0.06	0.12	58865.17
0.77	1.09	9.67	0.19	0.25	-0.19	58865.19
0.77	1.06	9.77	0.06	-0.06	-0.12	58865.21
0.74	1.08	9.72	0.00	-0.06	0.00	58865.23
0.78	1.11	9.75	0.06	0.44	-0.19	58865.25
0.75	1.02	9.77	0.25	0.88	-0.63	58865.27
0.74	1.16	9.77	-0.37	-0.25	-0.06	58865.29
0.79	1.14	9.69	-0.56	-1.25	0.44	58865.31
0.79	1.06	9.67	-0.25	-0.50	0.31	58865.33
0.77	1.12	9.72	0.19	0.00	0.06	58865.35
0.78	1.10	9.73	-0.06	-0.06	-0.06	58865.37
0.74	1.12	9.76	-0.56	0.37	-0.44	58865.39
0.73	1.10	9.78	-1.69	0.44	-1.06	58865.41
0.69	0.98	9.72	-1.31	0.25	-1.31	58865.43
1.00	1.16	9.64	-0.12	-0.19	-0.63	58865.45
0.63	1.47	9.83	-3.81	0.94	-3.75	58865.47
0.78	1.04	9.75	-3.63	1.63	-3.38	58865.50
0.86	1.22	9.62	-3.06	1.37	-2.75	58865.51
0.49	1.13	9.83	-4.63	1.81	-3.00	58865.53
0.86	0.88	9.70	-5.00	4.56	-4.75	58865.55
0.66	1.22	9.69	-5.38	4.38	-4.19	58865.57
0.63	0.84	9.78	-4.13	1.75	-2.81	58865.59
0.53	0.93	9.77	-3.06	1.06	-0.81	58865.61
0.55	0.95	9.72	-1.94	-0.75	-0.44	58865.63
0.71	0.96	9.75	-0.31	0.50	-0.25	58865.66
0.65	0.87	9.80	0.81	1.31	-0.12	58865.67
0.74	0.90	9.74	0.06	0.19	-0.25	58865.69
0.57	0.97	9.74	-0.56	0.31	-0.19	58865.71
0.70	1.11	9.70	-0.81	0.37	-0.75	58865.73
0.74	0.87	9.68	-0.37	-0.44	-0.75	58865.76
0.68	0.87	9.74	0.19	-0.19	-0.44	58865.78
0.66	0.91	9.79	0.00	-0.06	-0.12	58865.80
0.73	0.95	9.75	0.19	0.19	0.00	58865.82
0.73	1.03	9.74	-0.56	0.00	-0.37	58865.83
0.66	1.01	9.72	-1.56	-1.63	-0.25	58865.85
0.73	0.80	9.64	-1.06	-0.81	-0.75	58865.87
0.61	0.95	9.74	0.19	-0.12	-0.12	58865.89
0.66	0.92	9.78	0.37	0.12	0.12	58865.91
0.70	0.98	9.71	-0.75	0.31	-0.69	58865.94
0.76	0.94	9.75	-2.00	0.44	-1.88	58865.96
0.69	0.89	9.83	-2.06	0.50	-2.00	58865.98
0.72	0.90	9.70	-1.63	2.38	-2.19	58866.00
0.67	0.92	9.72	-1.31	1.25	-1.25	58866.01
0.69	0.94	9.69	-0.56	0.37	-0.50	58866.03
0.64	0.92	9.73	-0.75	0.06	-0.31	58866.05
0.74	0.93	9.73	-1.37	-0.75	-0.31	58866.07
0.69	0.74	9.72	-2.06	0.19	-1.31	58866.10
0.66	0.85	9.81	-1.06	0.63	-0.81	58866.12
0.67	0.91	9.71	-0.37	0.00	-0.56	58866.14
0.67	0.95	9.76	-0.56	0.00	-0.94	58866.16
0.71	0.85	9.72	-1.00	0.06	-1.25	58866.17
0.65	0.85	9.70	-0.25	0.50	-0.69	58866.19
0.69	0.90	9.74	0.12	0.25	-0.25	58866.21
0.63	0.91	9.72	0.19	0.19	0.12	58866.23
0.71	0.87	9.75	0.12	0.25	0.00	58866.26
0.67	0.96	9.80	-0.63	-0.06	-0.19	58866.28
0.67	0.88	9.74	-1.50	-0.25	-0.63	58866.30
0.56	0.93	9.84	-1.88	0.19	-1.37	58866.32
0.69	0.79	9.69	-1.31	0.19	-0.81	58866.33
0.67	0.95	9.79	-0.19	0.00	-0.12	58866.36
0.61	0.97	9.78	-0.56	0.75	-0.88	58866.37
0.67	0.82	9.70	-0.94	1.19	-1.19	58866.40
0.67	0.85	9.72	-0.56	0.50	-0.50	58866.41
0.62	0.90	9.73	-0.12	0.31	-0.19	58866.44
0.67	0.92	9.78	-0.12	0.00	0.00	58866.46
0.68	0.90	9.82	-0.44	0.12	-0.56	58866.48
0.65	0.97	9.79	-0.75	-0.37	-0.75	58866.50
0.64	0.86	9.83	-0.37	-1.06	-0.31	58866.52
0.65	0.86	9.76	-0.06	-0.63	-0.50	58866.54
0.62	1.01	9.85	-0.44	0.00	-0.88	58866.56
0.62	0.94	9.75	-1.63	1.12	-1.50	58866.58
0.64	0.83	9.70	-2.56	1.56	-1.75	58866.60
0.67	0.91	9.74	-2.00	1.88	-1.88	58866.62
0.65	0.88	9.69	-0.88	0.63	-0.63	58866.64
0.63	0.88	9.82	-0.19	0.12	-0.37	58866.66
0.61	0.90	9.84	-0.44	0.06	-0.12	58866.68
0.68	0.72	9.72	-1.37	-0.63	-0.88	58866.70
0.68	0.80	9.71	-0.44	-0.37	-0.88	58866.72
0.66	0.86	9.72	-0.06	-0.37	-0.56	58866.74
0.67	0.84	9.80	0.12	-0.06	-0.19	58866.76
0.66	0.89	9.77	-0.19	0.00	-0.31	58866.78
0.65	0.82	9.77	-0.19	-0.19	-0.25	58866.80
0.65	0.86	9.79	0.06	0.00	-0.06	58866.82
0.68	0.81	9.73	-0.88	0.31	-0.56	58866.84
0.69	0.79	9.73	-1.12	0.75	-0.81	58866.86
0.67	0.89	9.69	-0.56	0.25	-0.31	58866.88
0.67	0.94	9.74	-0.63	-0.12	-0.69	58866.90
0.67	0.74	9.73	-1.44	-0.75	-1.06	58866.92
0.69	0.71	9.67	-1.63	0.06	-0.75	58866.94
0.63	0.82	9.78	-0.31	0.06	0.00	58866.96
0.62	0.77	9.78	0.19	0.00	0.06	58866.98
0.67	0.83	9.70	-0.25	0.06	-0.31	58867.00
0.60	0.87	9.82	-1.19	0.12	-1.00	58867.02
0.74	0.77	9.73	-1.50	0.37	-1.12	58867.04
0.72	0.73	9.72	-0.50	0.50	-0.44	58867.06
0.68	0.83	9.78	-0.50	0.44	-0.37	58867.08
0.65	0.80	9.75	0.06	0.19	-0.12	58867.10
0.70	0.76	9.72	-0.19	0.06	-0.12	58867.12
0.68	0.82	9.70	-0.06	0.12	0.00	58867.14
0.64	0.78	9.75	0.06	-0.06	0.06	58867.16
0.64	0.83	9.79	-0.12	-0.12	0.12	58867.18
0.63	0.83	9.74	-0.06	0.00	0.00	58867.20
0.66	0.81	9.80	-1.12	0.69	-0.81	58867.22
0.67	0.72	9.72	-1.31	-0.12	-0.69	58867.24
0.68	0.75	9.75	-0.94	0.12	-0.75	58867.26
0.65	0.79	9.72	-0.37	0.00	-0.25	58867.28
0.63	0.82	9.73	0.00	0.06	-0.06	58867.30
0.67	0.82	9.76	-1.19	0.37	-1.12	58867.32
0.64	0.79	9.68	-1.75	0.44	-1.31	58867.34
0.59	0.83	9.79	-1.56	0.31	-1.37	58867.36
0.62	0.85	9.82	-1.94	0.94	-1.44	58867.38
0.66	0.79	9.74	-1.94	1.25	-1.50	58867.40
0.71	0.76	9.78	-0.69	0.37	-0.37	58867.42
0.68	0.76	9.74	0.06	-0.06	0.06	58867.44
0.60	0.77	9.77	0.19	0.00	0.06	58867.46
0.59	0.73	9.74	0.06	0.12	0.06	58867.48
0.64	0.79	9.71	0.00	-0.06	-0.12	58867.50
0.63	0.79	9.82	-0.25	-0.06	-0.12	58867.52
0.67	0.83	9.67	-1.19	-0.31	-0.75	58867.54
0.67	0.68	9.74	-1.31	-0.81	-1.00	58867.56
0.62	0.68	9.81	-1.00	-0.12	-1.00	58867.58
0.59	0.76	9.75	-0.12	0.00	-0.06	58867.61
0.56	0.80	9.76	0.00	-0.12	-0.06	58867.62
0.56	0.60	9.71	-0.88	0.37	-0.50	58867.65
0.56	0.80	9.78	-0.81	0.56	-0.56	58867.66
0.60	0.73	9.75	0.00	-0.12	0.06	58867.69
0.63	0.74	9.73	0.19	-0.06	0.19	58867.70
0.64	0.70	9.80	0.12	0.12	-0.06	58867.73
0.64	0.72	9.74	-0.06	0.19	-0.12	58867.74
0.64	0.80	9.76	0.06	0.19	-0.25	58867.77
0.63	0.71	9.67	-0.12	0.00	0.00	58867.79
0.63	0.75	9.74	0.00	0.06	0.06	58867.81
0.69	0.85	9.76	-0.12	-0.06	-0.25	58867.83
0.59	0.67	9.74	-1.75	-0.56	-0.75	58867.85
0.69	0.64	9.74	-1.06	-0.37	-0.50	58867.87
0.65	0.64	9.66	-0.69	-0.19	-0.19	58867.89
0.64	0.74	9.71	0.00	-0.06	0.12	58867.91
0.61	0.75	9.79	-0.06	-0.06	0.06	58867.93
0.65	0.72	9.72	-0.12	0.00	0.06	58867.95
0.60	0.72	9.77	-0.06	-0.25	0.00	58867.97
0.59	0.74	9.79	-0.12	-0.63	-0.19	58867.99
0.68	0.75	9.72	-0.19	-0.31	-0.06	58868.01
0.63	0.76	9.75	-0.06	0.06	-0.06	58868.03
0.63	0.71	9.71	-0.19	0.06	0.06	58868.05
0.66	0.73	9.74	0.12	0.06	-0.06	58868.07
0.67	0.75	9.78	0.00	0.00	-0.06	58868.09
0.67	0.74	9.74	0.00	0.19	0.00	58868.11
0.68	0.75	9.78	0.00	0.06	0.06	58868.13
0.64	0.72	9.69	0.00	0.06	0.06	58868.15
0.63	0.73	9.76	-0.12	0.06	-0.12	58868.17
0.66	0.66	9.75	-0.88	0.00	-0.50	58868.19
0.65	0.84	9.74	-1.00	0.44	-0.69	58868.21
0.55	0.68	9.72	-1.88	0.56	-0.06	58868.23
0.71	0.66	9.66	-1.44	0.88	-0.31	58868.25
0.71	0.76	9.80	-0.50	0.63	-0.06	58868.27
0.55	0.85	9.77	-1.63	-0.12	-0.31	58868.29
0.60	0.63	9.79	-2.00	0.12	-1.44	58868.31
0.60	0.79	9.81	-1.56	0.25	-1.06	58868.33
0.73	0.56	9.72	-1.63	0.75	-0.44	58868.35
0.55	0.68	9.76	-1.25	0.75	0.56	58868.37
0.61	0.75	9.74	-0.06	0.25	0.31	58868.39
0.63	0.69	9.71	0.25	0.19	0.00	58868.41
0.65	0.69	9.79	0.19	0.00	0.06	58868.43
0.59	0.76	9.71	-0.06	0.25	0.12	58868.45
0.59	0.72	9.81	0.06	0.06	-0.06	58868.47
0.63	0.70	9.79	0.00	0.00	0.00	58868.49
0.59	0.70	9.74	-0.25	0.19	0.31	58868.51
0.61	0.67	9.70	-0.44	0.31	0.56	58868.53
0.62	0.67	9.72	-0.19	0.12	0.06	58868.55
0.63	0.64	9.75	-0.12	-0.19	0.06	58868.57
0.62	0.73	9.73	-0.12	-0.19	-0.12	58868.59
0.67	0.68	9.78	-0.06	-0.12	0.00	58868.61
0.62	0.72	9.79	-0.06	0.06	-0.06	58868.63
0.67	0.64	9.75	0.00	-0.06	-0.06	58868.65
0.61	0.70	9.78	0.06	0.19	0.00	58868.67
0.67	0.66	9.77	0.06	0.12	-0.19	58868.69
0.64	0.71	9.79	-0.88	0.44	0.56	58868.71
0.59	0.65	9.73	-1.88	1.12	-0.44	58868.73
0.66	0.68	9.70	-1.19	0.63	-0.44	58868.75
0.68	0.60	9.78	-0.88	0.44	-0.56	58868.77
0.57	0.67	9.78	0.00	0.00	-0.06	58868.79
0.64	0.70	9.72	0.06	0.06	-0.12	58868.81
0.59	0.66	9.81	0.00	0.19	-0.06	58868.83
0.63	0.66	9.75	-0.19	-0.06	0.06	58868.85
0.61	0.67	9.78	0.12	0.12	0.00	58868.87
0.62	0.65	9.83	-0.06	0.12	-0.06	58868.89
0.71	0.66	9.78	-0.06	0.12	-0.06	58868.91
0.59	0.70	9.76	-0.69	-0.19	0.94	58868.94
0.58	0.67	9.69	-0.56	0.00	0.88	58868.95
0.58	0.68	9.74	-0.12	0.00	0.19	58868.98
0.58	0.69	9.79	-0.12	0.06	0.00	58869.00
0.62	0.68	9.76	-0.12	0.19	-0.12	58869.01
0.69	0.64	9.78	-0.63	-0.06	-0.25	58869.03
0.61	0.64	9.75	-0.12	-0.37	0.12	58869.05
0.66	0.67	9.77	-0.06	-0.06	-0.12	58869.07
0.59	0.64	9.73	-0.06	0.12	0.00	58869.10
0.62	0.69	9.74	-0.06	-0.06	-0.12	58869.12
0.62	0.66	9.75	-0.06	-0.12	-0.12	58869.14
0.63	0.66	9.69	-0.06	-0.31	0.06	58869.16
0.64	0.68	9.79	-0.06	0.06	0.12	58869.17
0.58	0.66	9.80	-0.06	-0.06	0.06	58869.19
0.60	0.66	9.78	0.12	0.19	0.12	58869.21
0.65	0.59	9.81	0.06	0.19	0.06	58869.23
0.64	0.65	9.74	-0.06	-0.06	-0.06	58869.26
0.65	0.66	9.75	0.00	0.12	0.00	58869.28
0.64	0.70	9.74	-0.06	-0.06	0.06	58869.30
0.60	0.67	9.72	0.00	0.12	-0.12	58869.32
0.68	0.68	9.80	-0.50	0.44	-0.25	58869.33
0.68	0.57	9.77	-2.00	0.88	-0.56	58869.35
0.51	0.69	9.73	-0.56	1.06	-0.69	58869.37
0.61	0.63	9.71	-0.25	0.63	-0.44	58869.39
0.63	0.72	9.73	0.12	-0.12	0.06	58869.41
0.64	0.61	9.72	0.06	-0.06	0.06	58869.44
0.67	0.71	9.72	-0.19	-0.06	-0.25	58869.46
0.57	0.61	9.72	-0.50	-0.37	-0.44	58869.48
0.58	0.61	9.70	-0.37	-0.06	-0.44	58869.50
0.65	0.65	9.70	0.00	0.19	-0.25	58869.52
0.59	0.63	9.78	0.00	0.06	-0.06	58869.53
0.63	0.58	9.78	-0.06	0.00	0.00	58869.56
0.62	0.67	9.75	-0.06	-0.31	0.00	58869.57
0.60	0.60	9.83	0.00	-0.06	-0.37	58869.60
0.60	0.62	9.73	-0.12	-0.06	-0.06	58869.62
0.61	0.66	9.75	0.00	-0.06	-0.06	58869.64
0.58	0.64	9.74	-0.12	0.06	-0.12	58869.66
0.67	0.61	9.77	-0.19	0.12	0.00	58869.68
0.60	0.64	9.77	-0.12	0.00	-0.12	58869.69
0.64	0.62	9.79	-0.19	-0.37	0.19	58869.72
0.66	0.65	9.77	-0.12	-0.19	0.06	58869.74
0.64	0.61	9.75	0.00	0.06	0.12	58869.76
0.58	0.71	9.79	-0.31	0.25	0.00	58869.78
0.55	0.68	9.81	-0.88	0.56	-0.56	58869.80
0.63	0.57	9.77	-0.81	0.50	-0.31	58869.82
0.64	0.60	9.83	-1.19	0.75	-0.50	58869.84
0.65	0.58	9.72	-0.94	0.44	-0.37	58869.86
0.57	0.58	9.75	0.00	0.12	-0.06	58869.88
0.60	0.66	9.80	-0.06	0.19	0.00	58869.90
0.62	0.66	9.78	0.06	-0.06	-0.06	58869.92
0.64	0.61	9.81	0.06	0.00	-0.12	58869.94
0.62	0.62	9.74	0.06	0.06	-0.06	58869.96
0.63	0.62	9.75	0.00	0.00	-0.06	58869.98
0.58	0.64	9.77	0.00	0.06	-0.12	58870.00
0.60	0.64	9.74	0.06	0.19	0.00	58870.02
0.64	0.60	9.75	0.19	0.12	-0.25	58870.04
0.62	0.62	9.68	0.06	0.19	-0.12	58870.06
0.63	0.60	9.79	0.00	-0.12	0.00	58870.08
0.61	0.62	9.79	0.12	0.12	0.00	58870.10
0.59	0.68	9.75	-0.12	0.00	0.12	58870.12
0.54	0.58	9.77	-0.50	-0.44	0.50	58870.14
0.60	0.63	9.74	-0.12	-0.12	0.06	58870.16
0.62	0.61	9.75	0.19	-0.06	0.00	58870.18
0.64	0.63	9.73	-0.19	-0.06	0.12	58870.20
0.62	0.62	9.76	-0.06	0.00	-0.12	58870.22
0.63	0.62	9.80	-0.19	-0.19	-0.06	58870.24
0.56	0.57	9.72	-0.56	-0.37	-0.56	58870.26
0.58	0.59	9.83	-0.50	-0.44	-0.25	58870.28
0.60	0.62	9.81	0.06	0.00	-0.06	58870.30
0.61	0.63	9.72	0.19	0.06	0.00	58870.32
0.65	0.62	9.72	0.06	0.19	-0.06	58870.34
0.61	0.62	9.75	-0.31	0.19	0.50	58870.36
0.58	0.66	9.74	0.00	0.00	0.06	58870.38
0.68	0.53	9.75	-0.12	-0.19	0.00	58870.40
0.62	0.62	9.75	-0.12	0.06	0.12	58870.42
0.62	0.57	9.76	0.06	0.06	-0.12	58870.44
0.50	0.67	9.75	-0.50	0.00	-0.12	58870.46
0.66	0.61	9.81	-0.94	0.56	-0.44	58870.48
0.63	0.62	9.66	-1.12	0.31	-0.37	58870.50
0.60	0.56	9.71	-0.44	0.31	-0.37	58870.52
0.61	0.61	9.76	0.06	0.00	0.06	58870.54
0.59	0.60	9.74	0.00	-0.06	0.06	58870.56
0.60	0.61	9.79	-0.19	0.56	-0.31	58870.58
0.62	0.61	9.78	-0.56	0.31	-0.44	58870.60
0.61	0.56	9.71	0.00	0.31	-0.12	58870.62
0.60	0.57	9.79	0.00	0.12	-0.06	58870.64
0.63	0.58	9.74	0.06	0.06	0.06	58870.66
0.62	0.62	9.78	0.06	0.19	0.00	58870.68
0.60	0.61	9.81	0.00	0.00	-0.06	58870.70
0.61	0.63	9.72	0.19	0.06	-0.06	58870.72
0.62	0.60	9.75	-0.06	-0.19	0.00	58870.74
0.61	0.60	9.70	-0.06	-0.06	0.06	58870.76
0.61	0.62	9.75	0.06	0.00	-0.06	58870.78
0.61	0.60	9.80	0.00	0.06	-0.06	58870.80
0.60	0.59	9.78	0.00	-0.06	-0.12	58870.82
0.60	0.60	9.79	0.00	-0.06	0.19	58870.84
0.63	0.58	9.72	-0.06	-0.12	-0.12	58870.86
0.58	0.59	9.78	-0.06	-0.12	0.06	58870.89
0.60	0.59	9.69	0.00	-0.12	0.00	58870.90
0.59	0.58	9.75	-0.19	-0.06	-0.06	58870.93
0.63	0.61	9.76	0.06	0.00	-0.12	58870.94
0.60	0.61	9.72	0.06	0.12	0.06	58870.97
0.61	0.62	9.77	0.06	0.06	0.06	58870.98
0.60	0.60	9.80	0.06	0.00	-0.06	58871.01
0.59	0.61	9.73	0.00	0.00	-0.06	58871.02
0.64	0.62	9.79	-0.06	0.12	0.00	58871.05
0.64	0.61	9.70	0.00	0.00	0.06	58871.06
0.62	0.61	9.78	-0.06	-0.06	0.00	58871.09
0.62	0.61	9.76	-0.06	0.06	0.00	58871.11
0.59	0.59	9.72	0.00	0.00	0.12	58871.13
0.60	0.59	9.81	0.12	-0.06	-0.06	58871.15
0.62	0.59	9.72	0.06	0.12	0.00	58871.17
0.62	0.61	9.75	-0.06	0.12	-0.12	58871.19
0.61	0.61	9.81	-0.12	0.12	-0.06	58871.21
0.61	0.61	9.77	0.00	-0.12	0.00	58871.23
0.62	0.58	9.75	-0.06	0.00	0.00	58871.25
0.60	0.61	9.73	0.06	0.06	-0.06	58871.27
0.61	0.58	9.75	0.06	0.06	-0.12	58871.29
0.61	0.61	9.74	-0.06	0.00	0.06	58871.31
0.60	0.59	9.72	-0.06	0.19	-0.06	58871.33
0.63	0.60	9.79	0.00	0.06	-0.12	58871.35
0.61	0.62	9.77	-0.06	-0.19	0.06	58871.37
0.60	0.60	9.80	0.00	0.06	-0.06	58871.39
0.61	0.59	9.81	0.00	0.06	0.06	58871.41
0.58	0.62	9.74	0.06	0.31	-0.19	58871.43
0.62	0.59	9.74	0.06	0.06	-0.06	58871.45
0.63	0.61	9.73	-0.12	0.12	-0.12	58871.47
0.63	0.61	9.75	0.12	0.00	-0.19	58871.49
0.63	0.58	9.75	-0.31	-0.06	0.19	58871.51
0.64	0.56	9.72	-0.06	0.25	0.12	58871.53
0.60	0.59	9.80	-0.25	0.19	0.19	58871.55
0.62	0.56	9.78	0.06	0.06	0.06	58871.57
0.62	0.59	9.78	0.00	0.19	-0.12	58871.59
0.62	0.59	9.79	-0.06	0.12	0.00	58871.61
0.63	0.58	9.73	0.12	0.00	0.00	58871.63
0.62	0.57	9.75	0.00	0.12	0.06	58871.65
0.59	0.60	9.70	-0.12	-0.06	-0.12	58871.67
0.61	0.61	9.80	-0.06	-0.12	0.06	58871.69
0.63	0.61	9.81	0.12	0.06	0.06	58871.71
0.57	0.61	9.79	0.12	0.00	0.00	58871.73
0.61	0.59	9.79	0.19	0.06	0.00	58871.75
