0.0, 0.0, 0.0 
0.0, 0.0, 0.0 
0.0, 0.0, 0.0 
0.0, 0.0, 0.0 
0.0, 0.0, 0.0 
0.0, 0.0, 0.0 
0.0, 0.0, 0.0 
0.0, 0.0, 0.0 
0.0, 0.0, 0.0 
0.0, 0.0, 0.0 
0.0, 0.0, 0.0 
0.0, 0.0, 0.0 
0.0, 0.0, 0.0 
0.0, 0.0, 0.0 
0.0, 0.0, 0.0 
0.0, 0.0, 0.0 
0.0, 0.0, 0.0 
0.0, 0.0, 0.0 
0.0, 0.0, 0.0 
0.0, 0.0, 0.0 
0.0, 0.0, 0.0 
0.0, 0.0, 0.0 
0.0, 0.0, 0.0 
0.0, 0.0, 0.0 
0.0, 0.0, 0.0 
0.0, 0.0, 0.0 
0.0, 0.0, 0.0 
0.0, 0.0, 0.0 
0.0, 0.0, 0.0 
0.0, 0.0, 0.0 
0.0, 0.0, 0.0 
0.0, 0.0, 0.0 
0.0, 0.0, 0.0 
0.0, 0.0, 0.0 
0.0, 0.0, 0.0 
0.0, 0.0, 0.0 
0.0, 0.0, 0.0 
0.0, 0.0, 0.0 
0.0, 0.0, 0.0 
0.0, 0.0, 0.0 
0.0, 0.0, 0.0 
0.0, 0.0, 0.0 
0.0, 0.0, 0.0 
0.0, 0.0, 0.0 
0.0, 0.0, 0.0 
0.0, 0.0, 0.0 
0.0, 0.0, 0.0 
0.0, 0.0, 0.0 
0.0, 0.0, 0.0 
0.0, 0.0, 0.0 
0.0, 0.0, 0.0 
0.0, 0.0, 0.0 
0.0, 0.0, 0.0 
0.0, 0.0, 0.0 
0.0, 0.0, 0.0 
0.0, 0.0, 0.0 
0.0, 0.0, 0.0 
0.0, 0.0, 0.0 
0.0, 0.0, 0.0 
0.0, 0.0, 0.0 
0.0, 0.0, 0.0 
0.0, 0.0, 0.0 
0.0, 0.0, 0.0 
0.0, 0.0, 0.0 
0.0, 0.0, 0.0 
0.0, 0.0, 0.0 
0.0, 0.0, 0.0 
0.0, 0.0, 0.0 
0.0, 0.0, 0.0 
0.0, 0.0, 0.0 
0.0, 0.0, 0.0 
0.0, 0.0, 0.0 
0.0, 0.0, 0.0 
0.0, 0.0, 0.0 
0.0, 0.0, 0.0 
0.0, 0.0, 0.0 
0.0, 0.0, 0.0 
0.0, 0.0, 0.0 
0.0, 0.0, 0.0 
0.0, 0.0, 0.0 
0.0, 0.0, 0.0 
0.0, 0.0, 0.0 
0.0, 0.0, 0.0 
0.0, 0.0, 0.0 
0.0, 0.0, 0.0 
0.0, 0.0, 0.0 
0.0, 0.0, 0.0 
0.0, 0.0, 0.0 
0.0, 0.0, 0.0 
0.0, 0.0, 0.0 
0.0, 0.0, 0.0 
0.0, 0.0, 0.0 
0.0, 0.0, 0.0 
0.0, 0.0, 0.0 
0.0, 0.0, 0.0 
0.0, 0.0, 0.0 
0.0, 0.0, 0.0 
0.0, 0.0, 0.0 
0.0, 0.0, 0.0 
0.0, 0.0, 0.0 
0.0, 0.0, 0.0 
0.0, 0.0, 0.0 
0.0, 0.0, 0.0 
0.0, 0.0, 0.0 
0.0, 0.0, 0.0 
0.0, 0.0, 0.0 
0.0, 0.0, 0.0 
0.0, 0.0, 0.0 
0.0, 0.0, 0.0 
0.0, 0.0, 0.0 
0.0, 0.0, 0.0 
0.0, 0.0, 0.0 
0.0, 0.0, 0.0 
0.0, 0.0, 0.0 
0.0, 0.0, 0.0 
0.0, 0.0, 0.0 
0.0, 0.0, 0.0 
0.0, 0.0, 0.0 
0.0, 0.0, 0.0 
0.0, 0.0, 0.0 
0.0, 0.0, 0.0 
0.0, 0.0, 0.0 
0.0, 0.0, 0.0 
0.0, 0.0, 0.0 
0.0, 0.0, 0.0 
0.0, 0.0, 0.0 
0.0, 0.0, 0.0 
0.0, 0.0, 0.0 
0.0, 0.0, 0.0 
0.0, 0.0, 0.0 
0.0, 0.0, 0.0 
0.0, 0.0, 0.0 
0.0, 0.0, 0.0 
0.0, 0.0, 0.0 
0.0, 0.0, 0.0 
0.0, 0.0, 0.0 
0.0, 0.0, 0.0 
0.0, 0.0, 0.0 
0.0, 0.0, 0.0 
0.0, 0.0, 0.0 
0.0, 0.0, 0.0 
0.0, 0.0, 0.0 
0.0, 0.0, 0.0 
0.0, 0.0, 0.0 
0.0, 0.0, 0.0 
0.0, 0.0, 0.0 
0.0, 0.0, 0.0 
0.0, 0.0, 0.0 
0.0, 0.0, 0.0 
0.0, 0.0, 0.0 
0.0, 0.0, 0.0 
0.0, 0.0, 0.0 
0.0, 0.0, 0.0 
0.0, 0.0, 0.0 
0.0, 0.0, 0.0 
0.0, 0.0, 0.0 
0.0, 0.0, 0.0 
0.0, 0.0, 0.0 
0.0, 0.0, 0.0 
0.0, 0.0, 0.0 
0.0, 0.0, 0.0 
0.0, 0.0, 0.0 
0.0, 0.0, 0.0 
0.0, 0.0, 0.0 
0.0, 0.0, 0.0 
0.0, 0.0, 0.0 
0.0, 0.0, 0.0 
0.0, 0.0, 0.0 
0.0, 0.0, 0.0 
0.0, 0.0, 0.0 
0.0, 0.0, 0.0 
0.0, 0.0, 0.0 
0.0, 0.0, 0.0 
0.0, 0.0, 0.0 
0.0, 0.0, 0.0 
0.0, 0.0, 0.0 
0.0, 0.0, 0.0 
0.0, 0.0, 0.0 
0.0, 0.0, 0.0 
0.0, 0.0, 0.0 
0.0, 0.0, 0.0 
0.0, 0.0, 0.0 
0.0, 0.0, 0.0 
0.0, 0.0, 0.0 
0.0, 0.0, 0.0 
0.0, 0.0, 0.0 
0.0, 0.0, 0.0 
0.0, 0.0, 0.0 
0.0, 0.0, 0.0 
0.0, 0.0, 0.0 
0.0, 0.0, 0.0 
0.0, 0.0, 0.0 
0.0, 0.0, 0.0 
0.0, 0.0, 0.0 
0.0, 0.0, 0.0 
0.0, 0.0, 0.0 
0.0, 0.0, 0.0 
0.0, 0.0, 0.0 
0.0, 0.0, 0.0 
0.0, 0.0, 0.0 
0.0, 0.0, 0.0 
0.0, 0.0, 0.0 
0.0, 0.0, 0.0 
0.0, 0.0, 0.0 
0.0, 0.0, 0.0 
0.0, 0.0, 0.0 
0.0, 0.0, 0.0 
0.0, 0.0, 0.0 
0.0, 0.0, 0.0 
0.0, 0.0, 0.0 
0.0, 0.0, 0.0 
0.0, 0.0, 0.0 
0.0, 0.0, 0.0 
0.0, 0.0, 0.0 
0.0, 0.0, 0.0 
0.0, 0.0, 0.0 
0.0, 0.0, 0.0 
0.0, 0.0, 0.0 
0.0, 0.0, 0.0 
0.0, 0.0, 0.0 
0.0, 0.0, 0.0 
0.0, 0.0, 0.0 
0.0, 0.0, 0.0 
0.0, 0.0, 0.0 
0.0, 0.0, 0.0 
0.0, 0.0, 0.0 
0.0, 0.0, 0.0 
0.0, 0.0, 0.0 
0.0, 0.0, 0.0 
0.0, 0.0, 0.0 
0.0, 0.0, 0.0 
0.0, 0.0, 0.0 
0.0, 0.0, 0.0 
0.0, 0.0, 0.0 
0.0, 0.0, 0.0 
0.0, 0.0, 0.0 
0.0, 0.0, 0.0 
0.0, 0.0, 0.0 
0.0, 0.0, 0.0 
0.0, 0.0, 0.0 
0.0, 0.0, 0.0 
0.0, 0.0, 0.0 
0.0, 0.0, 0.0 
0.0, 0.0, 0.0 
0.0, 0.0, 0.0 
0.0, 0.0, 0.0 
0.0, 0.0, 0.0 
0.0, 0.0, 0.0 
0.0, 0.0, 0.0 
0.0, 0.0, 0.0 
0.0, 0.0, 0.0 
0.0, 0.0, 0.0 
0.0, 0.0, 0.0 
0.0, 0.0, 0.0 
0.0, 0.0, 0.0 
0.0, 0.0, 0.0 
0.0, 0.0, 0.0 
0.0, 0.0, 0.0 
0.0, 0.0, 0.0 
0.0, 0.0, 0.0 
0.0, 0.0, 0.0 
0.0, 0.0, 0.0 
0.0, 0.0, 0.0 
0.0, 0.0, 0.0 
0.0, 0.0, 0.0 
0.0, 0.0, 0.0 
0.0, 0.0, 0.0 
0.0, 0.0, 0.0 
0.0, 0.0, 0.0 
0.0, 0.0, 0.0 
0.0, 0.0, 0.0 
0.0, 0.0, 0.0 
0.0, 0.0, 0.0 
0.0, 0.0, 0.0 
0.0, 0.0, 0.0 
0.0, 0.0, 0.0 
0.0, 0.0, 0.0 
0.0, 0.0, 0.0 
0.0, 0.0, 0.0 
0.0, 0.0, 0.0 
0.0, 0.0, 0.0 
0.0, 0.0, 0.0 
0.0, 0.0, 0.0 
0.0, 0.0, 0.0 
0.0, 0.0, 0.0 
0.0, 0.0, 0.0 
0.0, 0.0, 0.0 
0.0, 0.0, 0.0 
0.0, 0.0, 0.0 
0.0, 0.0, 0.0 
0.0, 0.0, 0.0 
0.0, 0.0, 0.0 
0.0, 0.0, 0.0 
0.0, 0.0, 0.0 
0.0, 0.0, 0.0 
0.0, 0.0, 0.0 
0.0, 0.0, 0.0 
0.0, 0.0, 0.0 
0.0, 0.0, 0.0 
0.0, 0.0, 0.0 
0.0, 0.0, 0.0 
0.0, 0.0, 0.0 
0.0, 0.0, 0.0 
0.0, 0.0, 0.0 
0.0, 0.0, 0.0 
0.0, 0.0, 0.0 
0.0, 0.0, 0.0 
0.0, 0.0, 0.0 
0.0, 0.0, 0.0 
0.0, 0.0, 0.0 
0.0, 0.0, 0.0 
0.0, 0.0, 0.0 
0.0, 0.0, 0.0 
0.0, 0.0, 0.0 
0.0, 0.0, 0.0 
0.0, 0.0, 0.0 
0.0, 0.0, 0.0 
0.0, 0.0, 0.0 
0.0, 0.0, 0.0 
0.0, 0.0, 0.0 
0.0, 0.0, 0.0 
0.0, 0.0, 0.0 
0.0, 0.0, 0.0 
0.0, 0.0, 0.0 
0.0, 0.0, 0.0 
0.0, 0.0, 0.0 
0.0, 0.0, 0.0 
0.0, 0.0, 0.0 
0.0, 0.0, 0.0 
0.0, 0.0, 0.0 
0.0, 0.0, 0.0 
0.0, 0.0, 0.0 
0.0, 0.0, 0.0 
0.0, 0.0, 0.0 
0.0, 0.0, 0.0 
0.0, 0.0, 0.0 
0.0, 0.0, 0.0 
0.0, 0.0, 0.0 
0.0, 0.0, 0.0 
0.0, 0.0, 0.0 
0.0, 0.0, 0.0 
0.0, 0.0, 0.0 
0.0, 0.0, 0.0 
0.0, 0.0, 0.0 
0.0, 0.0, 0.0 
0.0, 0.0, 0.0 
0.0, 0.0, 0.0 
0.0, 0.0, 0.0 
0.0, 0.0, 0.0 
0.0, 0.0, 0.0 
0.0, 0.0, 0.0 
0.0, 0.0, 0.0 
0.0, 0.0, 0.0 
0.0, 0.0, 0.0 
0.0, 0.0, 0.0 
0.0, 0.0, 0.0 
0.0, 0.0, 0.0 
0.0, 0.0, 0.0 
0.0, 0.0, 0.0 
0.0, 0.0, 0.0 
0.0, 0.0, 0.0 
0.025, 0.0, 0.0 
0.024612255761246947, 0.0, 0.0 
0.049519701645384745, 0.0, 0.0 
0.12430789438594941, 0.0, 0.0 
0.17350284324038306, 0.0, 0.0 
0.24643464109111848, 0.0, 0.0 
0.24592912432415986, 0.0, 0.0 
0.24632062287060066, 0.0, 0.0 
0.24788764505921196, 0.0, 0.0 
0.25112354376991025, 0.0, 0.0 
0.25223067116938586, 0.0, 0.0 
0.25223067116938586, 0.0, 0.0 
0.25428013403330896, 0.0, 0.0 
0.2559641790109425, 0.0, 0.0 
0.2566324033959214, 0.0, 0.0 
0.2575797644456293, 0.0, 0.0 
0.2579842742636015, 0.0, 0.0 
0.2578439854189108, 0.0, 0.0 
0.2575750554838268, 0.0, 0.0 
0.2571785068790491, 0.0, 0.0 
0.25602123470789473, 0.0, 0.0 
0.25527095424580304, 0.0, 0.0 
0.25345523760089544, 0.0, 0.0 
0.25125821759334754, 0.0, 0.0 
0.2473493386930637, 0.0, 0.0 
0.2443994924040672, 0.0, 0.0 
0.24283711282340198, 0.0, 0.0 
0.24122295794070053, 0.0, 0.0 
0.23956165903901866, 0.0, 0.0 
0.23611506407477484, 0.0, 0.0 
0.23433793867172548, 0.0, 0.0 
0.23069484019345482, 0.0, 0.0 
0.22505826469709325, 0.0, 0.0 
0.22314556562005605, 0.0, 0.0 
0.22122040853711547, 0.0, 0.0 
0.21928521131974454, 0.0, 0.0 
0.2153935668421066, 0.0, 0.0 
0.2134411781973013, 0.0, 0.0 
0.20757919853183593, 0.0, 0.0 
0.20368258675606776, 0.0, 0.0 
0.1998073757845507, 0.0, 0.0 
0.19788059839680244, 0.0, 0.0 
0.1959623597722342, 0.0, 0.0 
0.19405355055641535, 0.0, 0.0 
0.1902674218441318, 0.0, 0.0 
0.18839153702689482, 0.0, 0.0 
0.1846772618250626, 0.0, 0.0 
0.1792074035772142, 0.0, 0.0 
0.17741295893153025, 0.0, 0.0 
0.17563354832283656, 0.0, 0.0 
0.1738694850322707, 0.0, 0.0 
0.17038849214003354, 0.0, 0.0 
0.1686720347878928, 0.0, 0.0 
0.16362110550136152, 0.0, 0.0 
0.15872078638592074, 0.0, 0.0 
0.15712129220776422, 0.0, 0.0 
0.15553888591586398, 0.0, 0.0 
0.15397361516395128, 0.0, 0.0 
0.15242551486213035, 0.0, 0.0 
0.1493809073930192, 0.0, 0.0 
0.14640512370600334, 0.0, 0.0 
0.14494301853942673, 0.0, 0.0 
0.1406595517464968, 0.0, 0.0 
0.13926588954898023, 0.0, 0.0 
0.13788923094224936, 0.0, 0.0 
0.13652952204306212, 0.0, 0.0 
0.1338607144777054, 0.0, 0.0 
0.13125894751659553, 0.0, 0.0 
0.12872364265224398, 0.0, 0.0 
0.1274807188572285, 0.0, 0.0 
0.12504391550346627, 0.0, 0.0 
0.12267192668504086, 0.0, 0.0 
0.12151001350717515, 0.0, 0.0 
0.11923388589445338, 0.0, 0.0 
0.1181194814442345, 0.0, 0.0 
0.11593750645648973, 0.0, 0.0 
0.11381731722576802, 0.0, 0.0 
0.11175810924395911, 0.0, 0.0 
0.10975906546051734, 0.0, 0.0 
0.1087818469846437, 0.0, 0.0 
0.1078193586884547, 0.0, 0.0 
0.10593815366970458, 0.0, 0.0 
0.10501922653524805, 0.0, 0.0 
0.10322419469458649, 0.0, 0.0 
0.10148555222221368, 0.0, 0.0 
0.09980244809553622, 0.0, 0.0 
0.098981456458499, 0.0, 0.0 
0.09817402952817134, 0.0, 0.0 
0.09659944290801575, 0.0, 0.0 
0.09507783461951136, 0.0, 0.0 
0.09433663077373713, 0.0, 0.0 
0.09289289120652669, 0.0, 0.0 
0.09082235816415753, 0.0, 0.0 
0.09015711010075644, 0.0, 0.0 
0.08950415063945413, 0.0, 0.0 
0.08886337433975174, 0.0, 0.0 
0.08761795050881066, 0.0, 0.0 
0.08641999942904452, 0.0, 0.0 
0.08583856497067416, 0.0, 0.0 
0.08471025806451465, 0.0, 0.0 
0.08362734349819892, 0.0, 0.0 
0.08310265054461213, 0.0, 0.0 
0.0825889969176945, 0.0, 0.0 
0.08159439883702059, 0.0, 0.0 
0.0806427348799526, 0.0, 0.0 
0.0801827501578958, 0.0, 0.0 
0.07929397215619385, 0.0, 0.0 
0.0780372852340161, 0.0, 0.0 
0.07763838724067017, 0.0, 0.0 
0.07724932373207632, 0.0, 0.0 
0.07686999668033269, 0.0, 0.0 
0.07614016179339596, 0.0, 0.0 
0.07578945987409338, 0.0, 0.0 
0.0751160048994991, 0.0, 0.0 
0.0744791769517387, 0.0, 0.0 
0.0738782161280987, 0.0, 0.0 
0.0735909502726805, 0.0, 0.0 
0.07331236931969576, 0.0, 0.0 
0.07278089032790994, 0.0, 0.0 
0.07252780749274615, 0.0, 0.0 
0.07181808620013212, 0.0, 0.0 
0.07159771873453269, 0.0, 0.0 
0.07098397634819192, 0.0, 0.0 
0.07079488555807242, 0.0, 0.0 
0.07061339260071048, 0.0, 0.0 
0.07043940987665019, 0.0, 0.0 
0.0701136270902036, 0.0, 0.0 
0.06996165419486258, 0.0, 0.0 
0.06967911689718576, 0.0, 0.0 
0.06954838253361247, 0.0, 0.0 
0.06930756109507769, 0.0, 0.0 
0.06919730696287099, 0.0, 0.0 
0.06899669788709195, 0.0, 0.0 
0.06890617881850705, 0.0, 0.0 
0.06874430499662021, 0.0, 0.0 
0.06860744719256867, 0.0, 0.0 
0.06849496866597059, 0.0, 0.0 
0.06837058875637902, 0.0, 0.0 
0.06834064232936567, 0.0, 0.0 
0.0, -0.05251839586986098, 0.0 
0.0, -0.05253715999453489, 0.0 
0.0, -0.05255044618426187, 0.0 
0.0, -0.052560883604581055, 0.0 
0.0, -0.05255030078119922, 0.0 
0.0, -0.052537309774178836, 0.0 
0.0, -0.052468404632948676, 0.0 
0.0, -0.05243569655984314, 0.0 
0.0, -0.05239823621730739, 0.0 
0.0, -0.05230933737117419, 0.0 
0.0, -0.05225803692822426, 0.0 
0.0, -0.05214207536712589, 0.0 
0.0, -0.05200874883883777, 0.0 
0.0, -0.05185858940761425, 0.0 
0.0, -0.051777361421459674, 0.0 
0.0, -0.05169212108609592, 0.0 
0.0, -0.05160293264760252, 0.0 
0.0, -0.05141296594057142, 0.0 
0.0, -0.051207965258309195, 0.0 
0.0, -0.05109998247922991, 0.0 
0.0, -0.05087335829454279, 0.0 
0.0, -0.050632925149619555, 0.0 
0.0, -0.050507679314334614, 0.0 
0.0, -0.05024742299560103, 0.0 
0.0, -0.049974533247920214, 0.0 
0.0, -0.049833493789600274, 0.0 
0.0, -0.04954250733659398, 0.0 
0.0, -0.04924001400989091, 0.0 
0.0, -0.04892645084815795, 0.0 
0.0, -0.04860224718908259, 0.0 
0.0, -0.04843628724594775, 0.0 
0.0, -0.048267824712662076, 0.0 
0.0, -0.048096911110112904, 0.0 
0.0, -0.04774793441792965, 0.0 
0.0, -0.047389759906370274, 0.0 
0.0, -0.04702278282015797, 0.0 
0.0, -0.0466473909627402, 0.0 
0.0, -0.046456658661572614, 0.0 
0.0, -0.0462639647487897, 0.0 
0.0, -0.045872877258170436, 0.0 
0.0, -0.04567457512955387, 0.0 
0.0, -0.04527267934037308, 0.0 
0.0, -0.044657269074891925, 0.0 
0.0, -0.04423912254574889, 0.0 
0.0, -0.044027814507374634, 0.0 
0.0, -0.043815072100781956, 0.0 
0.0, -0.043600936393048975, 0.0 
0.0, -0.043385448018678774, 0.0 
0.0, -0.0429505736570515, 0.0 
0.0, -0.04251076551599423, 0.0 
0.0, -0.042066333302590395, 0.0 
0.0, -0.041617579996318356, 0.0 
0.0, -0.041391675791152174, 0.0 
0.0, -0.04116480191530472, 0.0 
0.0, -0.04093699437870638, 0.0 
0.0, -0.040478720325555766, 0.0 
0.0, -0.04001713359142458, 0.0 
0.0, -0.03955250771254157, 0.0 
0.0, -0.03885045323867759, 0.0 
0.0, -0.038615200965365484, 0.0 
0.0, -0.03837938469316649, 0.0 
0.0, -0.03814303568017851, 0.0 
0.0, -0.037906184802837556, 0.0 
0.0, -0.03743109906597763, 0.0 
0.0, -0.037192924071213114, 0.0 
0.0, -0.03671545669253755, 0.0 
0.0, -0.03599689167112875, 0.0 
0.0, -0.035756851593680326, 0.0 
0.0, -0.03551659792061204, 0.0 
0.0, -0.03527615747920056, 0.0 
0.0, -0.034794821830660745, 0.0 
0.0, -0.03431305221929789, 0.0 
0.0, -0.03407206802118142, 0.0 
0.0, -0.033590024518884425, 0.0 
0.0, -0.033108041817514124, 0.0 
0.0, -0.03286713236070235, 0.0 
0.0, -0.03238559251463496, 0.0 
0.0, -0.03214500725165423, 0.0 
0.0, -0.031664316425172166, 0.0 
0.0, -0.031184408623930935, 0.0 
0.0, -0.030944800952150322, 0.0 
0.0, -0.030227607786954894, 0.0 
0.0, -0.02998915291633063, 0.0 
0.0, -0.029751035158299962, 0.0 
0.0, -0.029513273471841437, 0.0 
0.0, -0.02903889265718231, 0.0 
0.0, -0.028802309961472365, 0.0 
0.0, -0.028330448880812712, 0.0 
0.0, -0.027626176048317554, 0.0 
0.0, -0.027392423594447192, 0.0 
0.0, -0.027159200739555505, 0.0 
0.0, -0.02692652328051183, 0.0 
0.0, -0.026462866370838466, 0.0 
0.0, -0.0260015738056256, 0.0 
0.0, -0.025771850775924563, 0.0 
0.0, -0.025314322165073018, 0.0 
0.0, -0.024633027930844553, 0.0 
0.0, -0.024633027930844553, 0.0 
0.0, -0.02440731573315977, 0.0 
0.0, -0.023958046495221725, 0.0 
0.0, -0.02351173233266234, 0.0 
0.0, -0.023289713069680962, 0.0 
0.0, -0.02284800741875979, 0.0 
0.0, -0.02219144580444769, 0.0 
0.0, -0.021974233393774002, 0.0 
0.0, -0.02175785867430146, 0.0 
0.0, -0.021542331486600157, 0.0 
0.0, -0.021113857966058195, 0.0 
0.0, -0.020900930217966882, 0.0 
0.0, -0.020477737595035315, 0.0 
0.0, -0.02005815279826265, 0.0 
0.0, -0.019435683499752714, 0.0 
0.0, -0.019230066945145553, 0.0 
0.0, -0.019025399373254315, 0.0 
0.0, -0.018821687914875568, 0.0 
0.0, -0.018417160893451284, 0.0 
0.0, -0.018216358629627553, 0.0 
0.0, -0.0178177084302258, 0.0 
0.0, -0.017619872671327707, 0.0 
0.0, -0.0170323919925362, 0.0 
0.0, -0.016838592153042772, 0.0 
0.0, -0.016645814494159188, 0.0 
0.0, -0.01626334527752872, 0.0 
0.0, -0.01588502176695768, 0.0 
0.0, -0.015510878718185434, 0.0 
0.0, -0.015325385013226549, 0.0 
0.0, -0.014775260045347948, 0.0 
0.0, -0.014413841126524284, 0.0 
0.0, -0.014234740464276946, 0.0 
0.0, -0.014056716196772592, 0.0 
0.0, -0.013879771037722912, 0.0 
0.0, -0.01352912817716678, 0.0 
0.0, -0.013182830726188496, 0.0 
0.0, -0.013011316805456091, 0.0 
0.0, -0.012503336310926795, 0.0 
0.0, -0.012336201914693026, 0.0 
0.0, -0.012170166082205785, 0.0 
0.0, -0.011841394842477917, 0.0 
0.0, -0.011517030808591077, 0.0 
0.0, -0.011356503522808073, 0.0 
0.0, -0.011038761419462771, 0.0 
0.0, -0.010570434941767378, 0.0 
0.0, -0.010416536565673358, 0.0 
0.0, -0.01026374336757135, 0.0 
0.0, -0.009961471630473789, 0.0 
0.0, -0.009811992387913561, 0.0 
0.0, -0.009516344613334312, 0.0 
0.0, -0.009370174758017933, 0.0 
0.0, -0.009081139054051385, 0.0 
0.0, -0.00865583042569465, 0.0 
0.0, -0.00851625484401788, 0.0 
0.0, -0.008377774020906066, 0.0 
0.0, -0.008240386488008643, 0.0 
0.0, -0.00796888498007136, 0.0 
0.0, -0.00770173683511555, 0.0 
0.0, -0.007438927223261026, 0.0 
0.0, -0.007180440012819221, 0.0 
0.0, -0.006926257812601205, 0.0 
0.0, -0.006800775322445195, 0.0 
0.0, -0.006676362013554306, 0.0 
0.0, -0.0065530153762269425, 0.0 
0.0, -0.006309511723539895, 0.0 
0.0, -0.006189349338581525, 0.0 
0.0, -0.005952189520605345, 0.0 
0.0, -0.005719230298309827, 0.0 
0.0, -0.005604318418975973, 0.0 
0.0, -0.005490447574533377, 0.0 
0.0, -0.005265816270103516, 0.0 
0.0, -0.005045310360843999, 0.0 
0.0, -0.004828902913932853, 0.0 
0.0, -0.00472222745769505, 0.0 
0.0, -0.004408271346272658, 0.0 
0.0, -0.004305630540720645, 0.0 
0.0, -0.0042039891348589825, 0.0 
0.0, -0.004103343327816074, 0.0 
0.0, -0.0039050230776023235, 0.0 
0.0, -0.0037106384809532044, 0.0 
0.0, -0.0036149120796530954, 0.0 
0.0, -0.0034263707626671553, 0.0 
0.0, -0.003241683885951567, 0.0 
0.0, -0.0031507753920307414, 0.0 
0.0, -0.0030608178697770763, 0.0 
0.0, -0.0028837385545101217, 0.0 
0.0, -0.0027966080835324834, 0.0 
0.0, -0.002625143574189378, 0.0 
0.0, -0.0024573780216223112, 0.0 
0.0, -0.002293275464829217, 0.0 
0.0, -0.0021327994909225334, 0.0 
0.0, -0.0020539099765787216, 0.0 
0.0, -0.0019759132619691575, 0.0 
0.0, -0.0018988046802481703, 0.0 
0.0, -0.0017472331323134162, 0.0 
0.0, -0.001599157545902567, 0.0 
0.0, -0.0014545397985582663, 0.0 
0.0, -0.0013133414565407312, 0.0 
0.0, -0.0012440124727265821, 0.0 
0.0, -0.0011755237985825251, 0.0 
0.0, -0.001041047839100834, 0.0 
0.0, -0.000975050746611552, 0.0 
0.0, -0.0008455137143594659, 0.0 
0.0, -0.0007192199077509299, 0.0 
0.0, -0.0005357732782636174, 0.0 
0.0, -0.05047620286270813, 0.0 
0.0, -0.07471981377920935, 0.0 
0.0, -0.12362020328579444, 0.0 
0.0, -0.2218309698587666, 0.0 
0.0, -0.36551003844512964, 0.0 
0.0, -0.47836344403985903, 0.0 
0.0, -0.47148534011057197, 0.0 
0.0, -0.4578755406276032, 0.0 
0.0, -0.45114383960419846, 0.0 
0.0, -0.43782678541184705, 0.0 
0.0, -0.42470474098309147, 0.0 
0.0, -0.418216785013605, 0.0 
0.0, -0.4053868416345888, 0.0 
0.0, -0.3927512536650924, 0.0 
0.0, -0.38030963860042266, 0.0 
0.0, -0.3741614332869588, 0.0 
0.0, -0.3680615479870348, 0.0 
0.0, -0.35600646942037495, 0.0 
0.0, -0.3500511325264431, 0.0 
0.0, -0.33828447621403757, 0.0 
0.0, -0.3267092839921433, 0.0 
0.0, -0.32099326380691995, 0.0 
0.0, -0.30413035276217426, 0.0 
0.0, -0.2986040920055523, 0.0 
0.0, -0.29312500773322087, 0.0 
0.0, -0.28230791839138464, 0.0 
0.0, -0.27696968045267173, 0.0 
0.0, -0.26643321320606894, 0.0 
0.0, -0.2560825834434384, 0.0 
0.0, -0.24090277823949097, 0.0 
0.0, -0.23593459808768108, 0.0 
0.0, -0.23101205896214705, 0.0 
0.0, -0.22613501516062712, 0.0 
0.0, -0.2213033184886826, 0.0 
0.0, -0.21177536159061788, 0.0 
0.0, -0.2024269547336352, 0.0 
0.0, -0.1978196869974285, 0.0 
0.0, -0.18426367471375907, 0.0 
0.0, -0.17983304633379896, 0.0 
0.0, -0.17544615671068944, 0.0 
0.0, -0.1668029020168584, 0.0 
0.0, -0.16254618630918893, 0.0 
0.0, -0.15416168770676728, 0.0 
0.0, -0.1459478914601758, 0.0 
0.0, -0.13790332403814276, 0.0 
0.0, -0.13394403349495906, 0.0 
0.0, -0.13002648584559465, 0.0 
0.0, -0.1223158525348185, 0.0 
0.0, -0.11476987629018473, 0.0 
0.0, -0.11105814476852297, 0.0 
0.0, -0.10375620372343355, 0.0 
0.0, -0.09661495572832172, 0.0 
0.0, -0.0862008340338913, 0.0 
0.0, -0.0828080400299076, 0.0 
0.0, -0.07945419115497787, 0.0 
0.0, -0.07613907902150481, 0.0 
0.0, -0.06962422671476277, 0.0 
0.0, -0.06642406515410722, 0.0 
0.0, -0.06013721133406992, 0.0 
0.0, -0.054000227368930544, 0.0 
0.0, -0.04801139577154147, 0.0 
0.0, -0.04507199735714858, 0.0 
0.0, -0.04216898804034478, 0.0 
0.0, -0.03647126564528609, 0.0 
0.0, -0.033676115653373785, 0.0 
0.0, -0.028192141944681066, 0.0 
0.0, -0.022848469633140862, 0.0 
0.0, -0.015092161094185218, 0.0 
0.0, -0.012574958528461744, 0.0 
0.0, -0.010091502536079, 0.0 
0.0, -0.00764157057000407, 0.0 
0.0, -0.0028413873787022014, 0.0 
0.0, 0.001827375668334152, 0.0 
0.0, 0.0041130330539884095, 0.0 
0.0, 0.008588017441736836, 0.0 
0.0, 0.01293605275509478, 0.0 
0.0, 0.015063023952284977, 0.0 
0.0, 0.017158929231704447, 0.0 
0.0, 0.021258437045318643, 0.0 
0.0, 0.023262486941588088, 0.0 
0.0, 0.02718029646824299, 0.0 
0.0, 0.030979207913011574, 0.0 
0.0, 0.03645854401599137, 0.0 
0.0, 0.03822747160646149, 0.0 
0.0, 0.039968010678665886, 0.0 
0.0, 0.04168038306296773, 0.0 
0.0, 0.04336481030276388, 0.0 
0.0, 0.04665071397981411, 0.0 
0.0, 0.049827487640274955, 0.0 
0.0, 0.051375501019614044, 0.0 
0.0, 0.05586067952118747, 0.0 
0.0, 0.05730351386908544, 0.0 
0.0, 0.0587205988982803, 0.0 
0.0, 0.06011215186755186, 0.0 
0.0, 0.06281952822148618, 0.0 
0.0, 0.0654273710361165, 0.0 
0.0, 0.06793739996074859, 0.0 
0.0, 0.07152278202675007, 0.0 
0.0, 0.072670849804535, 0.0 
0.0, 0.07379574022904425, 0.0 
0.0, 0.07489766381805575, 0.0 
0.0, 0.07597683044329584, 0.0 
0.0, 0.07806772898818516, 0.0 
0.0, 0.0800701014715858, 0.0 
0.0, 0.08198560242932716, 0.0 
0.0, 0.0838158749782986, 0.0 
0.0, 0.08469956086896917, 0.0 
0.0, 0.08556255048363605, 0.0 
0.0, 0.08640504585439647, 0.0 
0.0, 0.08802935811528584, 0.0 
0.0, 0.08957409827142734, 0.0 
0.0, 0.09031712550887189, 0.0 
0.0, 0.09309820845093483, 0.0 
0.0, 0.09374669854525172, 0.0 
0.0, 0.0943768637599779, 0.0 
0.0, 0.09498889627900507, 0.0 
0.0, 0.0955829874150176, 0.0 
0.0, 0.09671810639156699, 0.0 
0.0, 0.09725951244037555, 0.0 
0.0, 0.09829095645697473, 0.0 
0.0, 0.09971249145220464, 0.0 
0.0, 0.10015357219730303, 0.0 
0.0, 0.10057857534399982, 0.0 
0.0, 0.10098768220655084, 0.0 
0.0, 0.10175892762055722, 0.0 
0.0, 0.10246874002438647, 0.0 
0.0, 0.10280105203888108, 0.0 
0.0, 0.10342136565006733, 0.0 
0.0, 0.10398375799466766, 0.0 
0.0, 0.10424366476507019, 0.0 
0.0, 0.10448960654411335, 0.0 
0.0, 0.10494027303866392, 0.0 
0.0, 0.10533710338464734, 0.0 
0.0, 0.1055157462448271, 0.0 
0.0, 0.10597455953337465, 0.0 
0.0, 0.10621779718015832, 0.0 
0.0, 0.10632110680211666, 0.0 
0.0, 0.10641242222260269, 0.0 
0.0, 0.1064919011226285, 0.0 
0.0, 0.1066159750001359, 0.0 
0.0, 0.10666088025028544, 0.0 
0.0, 0.10671719540197012, 0.0 
0.0, 0.10672890944924326, 0.0 
0.0, 0.10672020317606276, 0.0 
0.0, 0.10670008085837683, 0.0 
0.0, 0.10662903517860486, 0.0 
0.0, 0.1065784036663494, 0.0 
0.0, 0.10644764522571351, 0.0 
0.0, 0.106278510162545, 0.0 
0.0, 0.10607212483149236, 0.0 
0.0, 0.10569512610911243, 0.0 
0.0, 0.10555202676185078, 0.0 
0.0, 0.10540043527441977, 0.0 
0.0, 0.1052404847618249, 0.0 
0.0, 0.10507230731851777, 0.0 
0.0, 0.10471179492131484, 0.0 
0.0, 0.10431993447018653, 0.0 
0.0, 0.10411256815046446, 0.0 
0.0, 0.1036755933072395, 0.0 
0.0, 0.10344623374470088, 0.0 
0.0, 0.1029663851782962, 0.0 
0.0, 0.1027161390934509, 0.0 
0.0, 0.10219560309800917, 0.0 
0.0, 0.10164913004510938, 0.0 
0.0, 0.10107765164941883, 0.0 
0.0, 0.1001755481447234, 0.0 
0.0, 0.09986332644965626, 0.0 
0.0, 0.09954552873212597, 0.0 
0.0, 0.09922226407062287, 0.0 
0.0, 0.09855976536456942, 0.0 
0.0, 0.09822074462036708, 0.0 
0.0, 0.09752768635861611, 0.0 
0.0, 0.09717385636039316, 0.0 
0.0, 0.0960843879379708, 0.0 
0.0, 0.0957122403970817, 0.0 
0.0, 0.09533576216307128, 0.0 
0.0, 0.09457020304915684, 0.0 
0.0, 0.09378848011955683, 0.0 
0.0, 0.09339179363023821, 0.0 
0.0, 0.09217954665879566, 0.0 
0.0, 0.09135380126811612, 0.0 
0.0, 0.09093592222888916, 0.0 
0.0, 0.09051482257666209, 0.0 
0.0, 0.08966330690319092, 0.0 
0.0, 0.0892330613893213, 0.0 
0.0, 0.08836401463407993, 0.0 
0.0, 0.08792537860340537, 0.0 
0.0, 0.08704028771084289, 0.0 
0.0, 0.08569429773107286, 0.0 
0.0, 0.08524105233826793, 0.0 
0.0, 0.08478564352603392, 0.0 
0.0, 0.08386863600395256, 0.0 
0.0, 0.08340718537996868, 0.0 
0.0, 0.08247875438242479, 0.0 
0.0, 0.08154342606386024, 0.0 
0.0, 0.08012872120055922, 0.0 
0.0, 0.07965430202245585, 0.0 
0.0, 0.07917856857040588, 0.0 
0.0, 0.0787015863575314, 0.0 
0.0, 0.07822342011016621, 0.0 
0.0, 0.0772637905104374, 0.0 
0.0, 0.07630018201790369, 0.0 
0.0, 0.07533308458082766, 0.0 
0.0, 0.07436297599537513, 0.0 
0.0, 0.0738769385466513, 0.0 
0.0, 0.073390322052693, 0.0 
0.0, 0.0729031828858502, 0.0 
0.0, 0.07192755836850263, 0.0 
0.0, 0.07095050142090985, 0.0 
0.0, 0.06997243698393613, 0.0 
0.0, 0.06850435298391426, 0.0 
0.0, 0.06801492887557238, 0.0 
0.0, 0.06752555491667327, 0.0 
0.0, 0.0670362790060387, 0.0 
0.0, 0.06654714836684278, 0.0 
0.0, 0.06556950844544882, 0.0 
0.0, 0.06459299960370145, 0.0 
0.0, 0.06410528035096204, 0.0 
0.0, 0.06264478056838153, 0.0 
0.0, 0.062158973262008616, 0.0 
0.0, 0.06167374733325836, 0.0 
0.0, 0.06118914288366683, 0.0 
0.0, 0.06022195573667114, 0.0 
0.0, 0.059739450164966054, 0.0 
0.0, 0.05877680329356809, 0.0 
0.0, 0.05733929054081098, 0.0 
0.0, 0.05686198334572669, 0.0 
0.0, 0.05638566535980253, 0.0 
0.0, 0.055910370130134314, 0.0 
0.0, 0.054962979292823996, 0.0 
0.0, 0.054020067934697574, 0.0 
0.0, 0.053081884290800865, 0.0 
0.0, 0.05261464054704347, 0.0 
0.0, 0.051220649637306666, 0.0 
0.0, 0.05075865969404401, 0.0 
0.0, 0.05029805208738194, 0.0 
0.0, 0.049838853338900625, 0.0 
0.0, 0.04892478596419822, 0.0 
0.0, 0.04846996785598604, 0.0 
0.0, 0.04756488537221677, 0.0 
0.0, 0.04666603225984603, 0.0 
0.0, 0.046218999058814075, 0.0 
0.0, 0.04532982989399616, 0.0 
0.0, 0.04488773673752057, 0.0 
0.0, 0.04400863683837073, 0.0 
0.0, 0.04357167015615335, 0.0 
0.0, 0.04270300011856716, 0.0 
0.0, 0.04227133415447532, 0.0 
0.0, 0.0409872277108797, 0.0 
0.0, 0.0405628800054959, 0.0 
0.0, 0.04014040378284253, 0.0 
0.0, 0.03930112911560538, 0.0 
0.0, 0.038469526304202785, 0.0 
0.0, 0.03805663839875025, 0.0 
0.0, 0.03723675924835492, 0.0 
0.0, 0.0364248306793773, 0.0 
0.0, 0.03562095341937331, 0.0 
0.0, 0.03522206387524663, 0.0 
0.0, 0.03482522223889823, 0.0 
0.0, 0.03403772607860806, 0.0 
0.0, 0.03325854817515094, 0.0 
0.0, 0.03287210305220238, 0.0 
0.0, 0.03210554643168092, 0.0 
0.0, 0.030971673421405617, 0.0 
0.0, 0.030598004062241252, 0.0 
0.0, 0.030226491168715505, 0.0 
0.0, 0.02985714165279255, 0.0 
0.0, 0.029124958850669194, 0.0 
0.0, 0.028762137848435367, 0.0 
0.0, 0.028043065096213807, 0.0 
0.0, 0.027332785845392775, 0.0 
0.0, 0.02698095563528374, 0.0 
0.0, 0.02628393526893403, 0.0 
0.0, 0.025938752768095492, 0.0 
0.0, 0.02525506022647364, 0.0 
0.0, 0.0245802839780239, 0.0 
0.0, 0.024246245863113816, 0.0 
0.0, 0.023584880209898868, 0.0 
0.0, 0.022609632362561256, 0.0 
0.0, 0.022289034661791173, 0.0 
0.0, 0.021970680701111498, 0.0 
0.0, 0.021654570900346115, 0.0 
0.0, 0.021029084317578543, 0.0 
0.0, 0.02071970724440836, 0.0 
0.0, 0.020107683157347147, 0.0 
0.0, 0.019504626805380378, 0.0 
0.0, 0.019206458613375003, 0.0 
0.0, 0.018616834568313798, 0.0 
0.0, 0.01832537506236546, 0.0 
0.0, 0.017749150483642416, 0.0 
0.0, 0.017181835453811835, 0.0 
0.0, 0.01690151218493921, 0.0 
0.0, 0.016347518878520303, 0.0 
0.0, 0.015802374137082464, 0.0 
0.0, 0.015266048663508086, 0.0 
0.0, 0.015001183264449179, 0.0 
0.0, 0.014738510490959802, 0.0 
0.0, 0.014219725069204754, 0.0 
0.0, 0.013963603157465695, 0.0 
0.0, 0.01345787663778195, 0.0 
0.0, 0.012960805745155473, 0.0 
0.0, 0.012472347547610788, 0.0 
0.0, 0.012231334186308054, 0.0 
0.0, 0.011992456901413645, 0.0 
0.0, 0.01152108652994775, 0.0 
0.0, 0.011288581109195932, 0.0 
0.0, 0.010829898030985647, 0.0 
0.0, 0.010379608210191543, 0.0 
0.0, 0.0097197919132489, 0.0 
0.0, 0.009503989987313055, 0.0 
0.0, 0.00929024446882153, 0.0 
0.0, 0.009078547994109757, 0.0 
0.0, 0.008661272218004043, 0.0 
0.0, 0.008455677692338282, 0.0 
0.0, 0.00805053659151008, 0.0 
0.0, 0.007850974229968137, 0.0 
0.0, 0.007264223323497825, 0.0 
0.0, 0.007072591089482931, 0.0 
0.0, 0.006695203681442121, 0.0 
0.0, 0.006509431551634689, 0.0 
0.0, 0.006325595708282791, 0.0 
0.0, 0.005963698154811194, 0.0 
0.0, 0.005609440870167456, 0.0 
0.0, 0.00526275262685339, 0.0 
0.0, 0.005092224356962848, 0.0 
0.0, 0.00492356117855513, 0.0 
0.0, 0.004591793316771033, 0.0 
0.0, 0.004428670103735308, 0.0 
0.0, 0.00410789838715102, 0.0 
0.0, 0.0037943633872209613, 0.0 
0.0, 0.003487988956734267, 0.0 
0.0, 0.0031886982266228344, 0.0 
0.0, 0.0030416850426309462, 0.0 
0.0, 0.002896413656213116, 0.0 
0.0, 0.002611057082355293, 0.0 
0.0, 0.0024709522097802333, 0.0 
0.0, 0.002195839831076427, 0.0 
0.0, 0.0019274576301331393, 0.0 
0.0, 0.001537328361109384, 0.0 
0.0, 0.001410563463120651, 0.0 
0.0, 0.0012854208361388552, 0.0 
0.0, 0.026161890353579825, 0.0 
0.0, 0.050691162092099645, 0.0 
0.0, 0.12371767757263324, 0.0 
0.0, 0.17003770790696993, 0.0 
0.0, 0.1896728043014681, 0.0 
0.0, 0.20903971758473835, 0.0 
0.0, 0.20590548492910715, 0.0 
0.0, 0.22779437888970155, 0.0 
0.0, 0.2209462959281563, 0.0 
0.0, 0.21420014993961856, 0.0 
0.0, 0.20755578721920365, 0.0 
0.0, 0.20427171670521885, 0.0 
0.0, 0.19777966244398046, 0.0 
0.0, 0.1913888524399326, 0.0 
0.0, 0.18823132945062446, 0.0 
0.0, 0.18199186058727077, 0.0 
0.0, 0.17585288900665513, 0.0 
0.0, 0.1728209804188046, 0.0 
0.0, 0.16683208271906622, 0.0 
0.0, 0.16094274322691116, 0.0 
0.0, 0.1551525359613655, 0.0 
0.0, 0.15229446629321952, 0.0 
0.0, 0.14665209910369933, 0.0 
0.0, 0.14386767842209602, 0.0 
0.0, 0.13837204320803942, 0.0 
0.0, 0.13297357216128688, 0.0 
0.0, 0.13031060113510384, 0.0 
0.0, 0.12505683136969944, 0.0 
0.0, 0.1198987995071247, 0.0 
0.0, 0.11735549581044351, 0.0 
0.0, 0.11233992251317489, 0.0 
0.0, 0.10986749297331942, 0.0 
0.0, 0.10499293909272048, 0.0 
0.0, 0.10021156632172278, 0.0 
0.0, 0.09785560888182762, 0.0 
0.0, 0.09092559889674073, 0.0 
0.0, 0.08866125089208084, 0.0 
0.0, 0.08641957860786884, 0.0 
0.0, 0.08420048939940493, 0.0 
0.0, 0.07982968488066053, 0.0 
0.0, 0.07767777959819397, 0.0 
0.0, 0.0734404813667135, 0.0 
0.0, 0.06929121408773298, 0.0 
0.0, 0.06522918371470066, 0.0 
0.0, 0.06323063079636566, 0.0 
0.0, 0.061253583716370325, 0.0 
0.0, 0.05736359573965138, 0.0 
0.0, 0.05545044745156421, 0.0 
0.0, 0.05168731882926999, 0.0 
0.0, 0.04800770885249683, 0.0 
0.0, 0.04264301920076985, 0.0 
0.0, 0.040895617007752814, 0.0 
0.0, 0.039168446962326235, 0.0 
0.0, 0.037461399300132404, 0.0 
0.0, 0.03410722972448686, 0.0 
0.0, 0.03245988599113092, 0.0 
0.0, 0.02922412290572351, 0.0 
0.0, 0.02606617739709967, 0.0 
0.0, 0.02298514641096697, 0.0 
0.0, 0.021473190167952703, 0.0 
0.0, 0.019980121489768354, 0.0 
0.0, 0.01705018928020601, 0.0 
0.0, 0.01561309630287434, 0.0 
0.0, 0.012794081130207987, 0.0 
0.0, 0.010047857089041339, 0.0 
0.0, 0.006062976552824407, 0.0 
0.0, -0.004952935304374353, 0.0 
0.0, -0.008322515371096791, 0.0 
0.0, -0.009413124535231257, 0.0 
0.0, -0.010487636807615823, 0.0 
0.0, -0.011546169272898263, 0.0 
0.0, -0.012588838974795855, 0.0 
0.0, -0.01361576290504169, 0.0 
0.0, -0.014627057992489822, 0.0 
0.0, -0.015622841092378123, 0.0 
0.0, -0.017568338319017857, 0.0 
0.0, -0.01945318755635615, 0.0 
0.0, -0.02127831993684169, 0.0 
0.0, -0.022168782703732383, 0.0 
0.0, -0.023044664437478206, 0.0 
0.0, -0.02390608087306448, 0.0 
0.0, -0.024753147572915243, 0.0 
0.0, -0.02558597991781664, 0.0 
0.0, -0.026404693097984547, 0.0 
0.0, -0.02800022171953842, 0.0 
0.0, -0.030290488749897256, 0.0 
0.0, -0.031026894174611238, 0.0 
0.0, -0.031749980709586664, 0.0 
0.0, -0.032459861715850205, 0.0 
0.0, -0.03315665028977293, 0.0 
0.0, -0.033840459255518936, 0.0 
0.0, -0.03451140115762597, 0.0 
0.0, -0.03516958825371699, 0.0 
0.0, -0.03644814558094571, 0.0 
0.0, -0.038273109685485016, 0.0 
0.0, -0.038857108402473105, 0.0 
0.0, -0.03942912949794826, 0.0 
0.0, -0.03942912949794826, 0.0 
0.0, -0.04053767733863766, 0.0 
0.0, -0.04107442246795224, 0.0 
0.0, -0.041599626731995167, 0.0 
0.0, -0.0426158454632598, 0.0 
0.0, -0.043107075398791765, 0.0 
0.0, -0.04451453228894727, 0.0 
0.0, -0.04496196156347723, 0.0 
0.0, -0.04539870564038317, 0.0 
0.0, -0.04582486970040495, 0.0 
0.0, -0.04664587642982855, 0.0 
0.0, -0.04742581488117055, 0.0 
0.0, -0.048165511378709884, 0.0 
0.0, -0.048865785303548744, 0.0 
0.0, -0.04952744896212934, 0.0 
0.0, -0.04952744896212934, 0.0 
0.0, -0.05044930937368673, 0.0 
0.0, -0.0507381585889046, 0.0 
0.0, -0.05101795366836606, 0.0 
0.0, -0.05128879270246207, 0.0 
0.0, -0.05180399262132106, 0.0 
0.0, -0.05251204698130511, 0.0 
0.0, -0.05273118286647249, 0.0 
0.0, -0.05294203589021948, 0.0 
0.0, -0.0531447002664432, 0.0 
0.0, -0.05352583744624785, 0.0 
0.0, -0.053704496184839516, 0.0 
0.0, -0.05403845502329668, 0.0 
0.0, -0.05448236466635082, 0.0 
0.0, -0.054615488138008664, 0.0 
0.0, -0.05486000113213157, 0.0 
0.0, -0.054971567399972894, 0.0 
0.0, -0.055076123812614106, 0.0 
0.0, -0.055264554835221955, 0.0 
0.0, -0.05542598448735708, 0.0 
0.0, -0.05549678721585221, 0.0 
0.0, -0.05567055874518218, 0.0 
0.0, -0.05571588165115252, 0.0 
0.0, -0.055755041735116896, 0.0 
0.0, -0.05578812078674405, 0.0 
0.0, -0.055836360284925834, 0.0 
0.0, -0.05585168164217641, 0.0 
0.0, -0.05586512583810934, 0.0 
0.0, -0.05585616344716377, 0.0 
0.0, -0.05582541668691215, 0.0 
0.0, -0.055802066263208126, 0.0 
0.0, -0.05577349918708305, 0.0 
0.0, -0.055701015984646204, 0.0 
0.0, -0.055608563522422626, 0.0 
0.0, -0.05555503285774268, 0.0 
0.0, -0.05543372604226624, 0.0 
0.0, -0.05521722615905007, 0.0 
0.0, -0.055136131620565416, 0.0 
0.0, -0.05505068934358625, 0.0 
0.0, -0.054960968256980096, 0.0 
0.0, -0.054768962704058635, 0.0 
0.0, -0.05466681343109492, 0.0 
0.0, -0.05445055588915312, 0.0 
0.0, -0.054336579627583606, 0.0 
0.0, -0.0539720418163591, 0.0 
0.0, -0.05384320671968943, 0.0 
0.0, -0.053710815986103846, 0.0 
0.0, -0.053435617400279356, 0.0 
0.0, -0.05329293313737336, 0.0 
0.0, -0.05299769973667774, 0.0 
0.0, -0.05268971386565931, 0.0 
0.0, -0.05220485792056664, 0.0 
0.0, -0.052037370871485716, 0.0 
0.0, -0.05186704486643026, 0.0 
0.0, -0.05169393628764586, 0.0 
0.0, -0.05133959440170328, 0.0 
0.0, -0.05115847132741881, 0.0 
0.0, -0.050788592724146035, 0.0 
0.0, -0.050599944415315005, 0.0 
0.0, -0.05001979632186756, 0.0 
0.0, -0.04982185214041949, 0.0 
0.0, -0.04962171243832019, 0.0 
0.0, -0.04921504757448297, 0.0 
0.0, -0.04900862174664345, 0.0 
0.0, -0.048589828001393845, 0.0 
0.0, -0.04837755651974921, 0.0 
0.0, -0.04772981220931541, 0.0 
0.0, -0.04751040931503943, 0.0 
0.0, -0.047066645684013586, 0.0 
0.0, -0.04684237475568638, 0.0 
0.0, -0.04661657018247886, 0.0 
0.0, -0.046160534618708914, 0.0 
0.0, -0.04569888343785595, 0.0 
0.0, -0.045466057633356656, 0.0 
0.0, -0.04476007559558946, 0.0 
0.0, -0.04452238193576124, 0.0 
0.0, -0.04428357162090263, 0.0 
0.0, -0.0438027575423348, 0.0 
0.0, -0.0435608309426792, 0.0 
0.0, -0.043074128274201186, 0.0 
0.0, -0.04258387415576192, 0.0 
0.0, -0.04209036002391905, 0.0 
0.0, -0.041842469676109564, 0.0 
0.0, -0.041344597197988726, 0.0 
0.0, -0.041094683734834395, 0.0 
0.0, -0.04084416388067746, 0.0 
0.0, -0.04034143782342271, 0.0 
0.0, -0.03983668062715884, 0.0 
0.0, -0.03958362034406221, 0.0 
0.0, -0.03882208718766708, 0.0 
0.0, -0.03856756041796641, 0.0 
0.0, -0.03831274234303377, 0.0 
0.0, -0.03805766231678073, 0.0 
0.0, -0.03754683191799931, 0.0 
0.0, -0.03703529645518778, 0.0 
0.0, -0.03652327716572651, 0.0 
0.0, -0.03601098936911043, 0.0 
0.0, -0.035498642545421205, 0.0 
0.0, -0.03524251088357799, 0.0 
0.0, -0.034986440413935914, 0.0 
0.0, -0.034730455714192414, 0.0 
0.0, -0.034218840186616244, 0.0 
0.0, -0.03396325677299278, 0.0 
0.0, -0.0334526546067666, 0.0 
0.0, -0.03294295597683724, 0.0 
0.0, -0.03218048592607148, 0.0 
0.0, -0.031926968424820575, 0.0 
0.0, -0.03167380501393432, 0.0 
0.0, -0.03142101591042842, 0.0 
0.0, -0.030916639904889718, 0.0 
0.0, -0.03066509185549969, 0.0 
0.0, -0.029663604808712815, 0.0 
0.0, -0.02941450030193629, 0.0 
0.0, -0.029165938028248302, 0.0 
0.0, -0.02891793513211456, 0.0 
0.0, -0.028670508464103052, 0.0 
0.0, -0.02817744975970103, 0.0 
0.0, -0.02793184997664809, 0.0 
0.0, -0.027442588046512693, 0.0 
0.0, -0.026713766320713848, 0.0 
0.0, -0.026472236678673527, 0.0 
0.0, -0.026231436134420884, 0.0 
0.0, -0.02575207717730733, 0.0 
0.0, -0.02551354552258976, 0.0 
0.0, -0.025038842798171045, 0.0 
0.0, -0.02456737110128274, 0.0 
0.0, -0.02386643228782165, 0.0 
0.0, -0.023634503817038164, 0.0 
0.0, -0.023403452757946377, 0.0 
0.0, -0.02294402562026492, 0.0 
0.0, -0.02271567032267694, 0.0 
0.0, -0.022261726471044407, 0.0 
0.0, -0.022036157306250564, 0.0 
0.0, -0.02158787127069425, 0.0 
0.0, -0.02092270658346649, 0.0 
0.0, -0.020702956288207886, 0.0 
0.0, -0.020484205207881453, 0.0 
0.0, -0.02026646117345917, 0.0 
0.0, -0.02004973180704117, 0.0 
0.0, -0.019619346535131674, 0.0 
0.0, -0.019193106272867185, 0.0 
0.0, -0.018561634327112428, 0.0 
0.0, -0.018561634327112428, 0.0 
0.0, -0.01814598457141011, 0.0 
0.0, -0.017939776671665277, 0.0 
0.0, -0.0175306221510195, 0.0 
0.0, -0.017327685909162532, 0.0 
0.0, -0.016925120059268974, 0.0 
0.0, -0.016526993786680183, 0.0 
0.0, -0.015938203205605808, 0.0 
0.0, -0.015744195067202177, 0.0 
0.0, -0.015551320681562304, 0.0 
0.0, -0.015359583439633319, 0.0 
0.0, -0.014979533152282851, 0.0 
0.0, -0.014791226096044507, 0.0 
0.0, -0.014418061970694463, 0.0 
0.0, -0.014049514473886313, 0.0 
0.0, -0.013685601502381869, 0.0 
0.0, -0.013685601502381869, 0.0 
0.0, -0.013326338630747725, 0.0 
0.0, -0.012971739169331656, 0.0 
0.0, -0.012796191771924769, 0.0 
0.0, -0.01244860757051895, 0.0 
0.0, -0.012105710523319052, 0.0 
0.0, -0.01176750646222671, 0.0 
0.0, -0.011600165572267115, 0.0 
0.0, -0.011269007538429947, 0.0 
0.0, -0.01110519061940299, 0.0 
0.0, -0.010942548385452737, 0.0 
0.0, -0.010620787137702528, 0.0 
0.0, -0.010303720993449289, 0.0 
0.0, -0.010146947222965186, 0.0 
0.0, -0.009836914612752221, 0.0 
0.0, -0.009531562448901286, 0.0 
0.0, -0.00938063884991489, 0.0 
0.0, -0.009082290368661494, 0.0 
0.0, -0.008934862692203104, 0.0 
0.0, -0.008643492763792752, 0.0 
0.0, -0.008356758706448033, 0.0 
0.0, -0.00807464561522206, 0.0 
0.0, -0.00779713717402975, 0.0 
0.0, -0.007660104223748739, 0.0 
0.0, -0.007524215701047352, 0.0 
0.0, -0.007255862193397116, 0.0 
0.0, -0.007123392137782358, 0.0 
0.0, -0.006861852165966263, 0.0 
0.0, -0.006604827159494873, 0.0 
0.0, -0.006478000536292185, 0.0 
0.0, -0.006227703964230262, 0.0 
0.0, -0.006104227774054694, 0.0 
0.0, -0.005860603479722937, 0.0 
0.0, -0.0057404487375701235, 0.0 
0.0, -0.005503436993775789, 0.0 
0.0, -0.005270798762480013, 0.0 
0.0, -0.004929978067062195, 0.0 
0.0, -0.00481852593127494, 0.0 
0.0, -0.004708144762549154, 0.0 
0.0, -0.0045988306329307034, 0.0 
0.0, -0.0044905795631140855, 0.0 
0.0, -0.004277250435551472, 0.0 
0.0, -0.004068124560274005, 0.0 
0.0, -0.003965127379637728, 0.0 
0.0, -0.003662347563607455, 0.0 
0.0, -0.0035634770310449307, 0.0 
0.0, -0.0034656271797646734, 0.0 
0.0, -0.003272971589333926, 0.0 
0.0, -0.003084344547561683, 0.0 
0.0, -0.002991530244244754, 0.0 
0.0, -0.0027190282205548076, 0.0 
0.0, -0.002542263627071377, 0.0 
0.0, -0.002455337996887839, 0.0 
0.0, -0.0023693770254063287, 0.0 
0.0, -0.0022843758376350993, 0.0 
0.0, -0.0022003295310479075, 0.0 
0.0, -0.002035081818856526, 0.0 
0.0, -0.0018735941507425817, 0.0 
0.0, -0.0017942478088212137, 0.0 
0.0, -0.0016383248610640983, 0.0 
0.0, -0.0015617380915018883, 0.0 
0.0, -0.0014112884001629385, 0.0 
0.0, -0.0013374151967374946, 0.0 
0.0, -0.001192346236252312, 0.0 
0.0, -0.0011211400935329686, 0.0 
0.0, -0.0009127723767841096, 0.0 
0.0, -0.0007781836765222142, 0.0 
0.0, -0.0007121704475334106, 0.0 
0.0, -0.0006470042442842821, 0.0 
0.0, -0.0005826797621991641, 0.0 
0.0, -0.0004565346946911789, 0.0 
0.0, -0.00039470345357506633, 0.0 
0.0, -0.00027349685738246464, 0.0 
0.0, -0.00015552909550533753, 0.0 
0.0, -4.075726949567484e-05, 0.0 
0.0, 7.086159519928645e-05, 0.0 
0.0, 0.00012550211271240128, 0.0 
0.0, 0.00023247223243865817, 0.0 
0.0, 0.0003363970363979207, 0.0 
0.0, 0.00038723091191688854, 0.0 
0.0, 0.0004866685426771379, 0.0 
0.0, 0.000630330450012692, 0.0 
0.0, 0.0006767740637142866, 0.0 
0.0, 0.0007225047918245612, 0.0 
0.0, 0.000767528004031571, 0.0 
0.0, 0.0008554733370472967, 0.0 
0.0, 0.0008984061733833371, 0.0 
0.0, 0.00098221893181474, 0.0 
0.0, 0.0010633300578905634, 0.0 
0.0, 0.0011417821547208785, 0.0 
0.0, 0.0011800243461376006, 0.0 
0.0, 0.0012176176978984923, 0.0 
0.0, 0.0012908790222658881, 0.0 
0.0, 0.0013616083091030702, 0.0 
0.0, 0.0014298475737297407, 0.0 
0.0, 0.0014956386535152656, 0.0 
0.0, 0.0015590231962898942, 0.0 
0.0, 0.0015898259766552007, 0.0 
0.0, 0.0016200426491507262, 0.0 
0.0, 0.001678738247655939, 0.0 
0.0, 0.0017072274272214457, 0.0 
0.0, 0.001762514072563199, 0.0 
0.0, 0.0018155789594769046, 0.0 
0.0, 0.001866462503493417, 0.0 
0.0, 0.0018910988321390132, 0.0 
0.0, 0.001938785579540773, 0.0 
0.0, 0.0019618459385101076, 0.0 
0.0, 0.0020064253481156874, 0.0 
0.0, 0.0020279542343910805, 0.0 
0.0, 0.0020695148240417985, 0.0 
0.0, 0.002109111561085344, 0.0 
0.0, 0.0021649088114941875, 0.0 
0.0, 0.002182567597509518, 0.0 
0.0, 0.002199764148772751, 0.0 
0.0, 0.0022165031838227794, 0.0 
0.0, 0.0022327894010316872, 0.0 
0.0, 0.0022640220734679033, 0.0 
0.0, 0.002278977822952621, 0.0 
0.0, 0.002307591227731273, 0.0 
0.0, 0.0023345043662621793, 0.0 
0.0, 0.0023597535700884634, 0.0 
0.0, 0.002371765455380074, 0.0 
0.0, 0.002383374823900341, 0.0 
0.0, 0.0024054037609185347, 0.0 
0.0, 0.0024258756585438016, 0.0 
0.0, 0.0024448254342669265, 0.0 
0.0, 0.0024622876418336154, 0.0 
0.0, 0.0024704716052548303, 0.0 
0.0, 0.002478296467658754, 0.0 
0.0, 0.0024857664444035508, 0.0 
0.0, 0.0024996584854428345, 0.0 
0.0, 0.0025121809823601617, 0.0 
0.0, 0.0025179389403567095, 0.0 
0.0, 0.002528468644754214, 0.0 
0.0, 0.0025418580633578434, 0.0 
0.0, 0.0025456957688830524, 0.0 
0.0, 0.002549227327106918, 0.0 
0.0, 0.002552456643536442, 0.0 
0.0, 0.0025580240515786674, 0.0 
0.0, 0.002560369832603183, 0.0 
0.0, 0.0025642045891261325, 0.0 
0.0, 0.002565701107423881, 0.0 
0.0, 0.002567871097210121, 0.0 
0.0, 0.002568551964268195, 0.0 
0.0, 0.002569123747136133, 0.0 
0.0, 0.002568666380173532, 0.0 
0.0, 0.0025680607174648215, 0.0 
0.0, 0.0025661131215527263, 0.0 
0.0, 0.0025632071274802612, 0.0 
0.0, 0.0025571114268265038, 0.0 
0.0, 0.002554629986359635, 0.0 
0.0, 0.0025519293630493893, 0.0 
0.0, 0.0025490128722539954, 0.0 
0.0, 0.0025458838046762276, 0.0 
0.0, 0.0025390009788055926, 0.0 
0.0, 0.0025313067186137793, 0.0 
0.0, 0.0025271632659682134, 0.0 
0.0, 0.0025182994315200245, 0.0 
0.0, 0.002508687027125399, 0.0 
